12
1-Benzene
C  0.000000  0.000000  1.393611
H  0.000000  0.000000  2.478748
C  0.000000  1.206884  0.696801
C  0.000000  1.206893  -0.696801
C  0.000000  0.000000  -1.393598
C  0.000000  -1.206893  -0.696801
C  0.000000  -1.206884  0.696801
H  0.000000  2.146700  1.239404
H  0.000000  2.146705  -1.239410
H  0.000000  0.000000  -2.478803
H  0.000000  -2.146705  -1.239410
H  0.000000  -2.146700  1.239404

13
2-Phenol
C  -1.185904  -1.160917  0.000000
H  -2.125877  -1.703156  0.000000
C  0.021581  -1.853496  0.000000
C  1.218293  -1.137149  0.000000
C  1.215186  0.252730  0.000000
C  0.000000  0.940372  0.000000
C  -1.202650  0.231662  0.000000
H  0.031421  -2.937490  0.000000
H  2.166431  -1.665120  0.000000
H  2.137594  0.822023  0.000000
O  0.048597  2.303260  0.000000
H  -2.147480  0.769421  0.000000
H  -0.849904  2.649032  0.000000

16
3-Anisole
C  0.474288  -1.835139  0.000000
H  1.202209  -2.640226  0.000000
C  -0.884408  -2.125385  0.000000
C  -1.804214  -1.074784  0.000000
C  -1.370257  0.242327  0.000000
C  0.000000  0.530079  0.000000
C  0.927303  -0.514677  0.000000
H  -1.226287  -3.154227  0.000000
H  -2.869159  -1.283753  0.000000
H  -2.069732  1.070543  0.000000
O  0.325032  1.852243  0.000000
H  1.990933  -0.315034  0.000000
C  1.694340  2.203493  0.000000
H  1.728616  3.294282  0.000000
H  2.210426  1.827493  0.893042
H  2.210426  1.827493  -0.893042

14
4-Benzaldehyde
C  -0.743124  -1.722476  0.000000
H  -1.544589  -2.453591  0.000000
C  0.587931  -2.147305  0.000000
C  1.624767  -1.216305  0.000000
C  1.329458  0.143240  0.000000
C  0.000000  0.573398  0.000000
C  -1.038018  -0.366768  0.000000
H  0.815414  -3.208371  0.000000
H  2.656687  -1.550358  0.000000
H  2.128380  0.879708  0.000000
C  -0.303930  2.021247  0.000000
H  -2.060726  -0.006499  0.000000
O  -1.416786  2.494029  0.000000
H  0.596619  2.676689  0.000000

16
5-Styrene
C  -1.360536  1.326059  -0.000013
H  -1.729458  2.346687  -0.000022
C  -2.260767  0.259867  0.000018
C  -1.776225  -1.044704  0.000025
C  -0.404662  -1.277922  0.000003
C  0.514253  -0.218768  -0.000023
C  0.007597  1.090907  -0.000033
H  -3.329257  0.447386  0.000034
H  -2.465449  -1.882834  0.000047
H  -0.031632  -2.298020  0.000009
C  1.950642  -0.526277  -0.000036
H  0.690848  1.933202  -0.000063
C  2.971767  0.333184  0.000054
H  2.179177  -1.591039  -0.000156
H  3.996920  -0.019040  0.000012
H  2.836431  1.409581  0.000166

15
6-Toluene
C  1.198485  -1.202757  0.002093
H  1.734939  -2.146274  0.001133
C  1.900925  -0.000076  0.008243
C  1.198653  1.202665  0.002082
C  -0.193673  1.199829  -0.008558
C  -0.911369  0.000100  -0.010621
C  -0.193804  -1.199749  -0.008568
H  2.985809  -0.000151  0.013186
H  1.735209  2.146115  0.001111
H  -0.733383  2.142597  -0.017394
C  -2.420634  0.000029  0.008620
H  -0.733635  -2.142453  -0.017429
H  -2.827520  -0.884665  -0.489922
H  -2.805328  -0.001933  1.036223
H  -2.827590  0.886508  -0.486652

18
7-Ethyl Benzene
C  -0.269959  -1.200094  -0.184120
C  0.433680  -0.000399  -0.326786
C  -0.269385  1.199820  -0.184515
C  -1.633310  1.203282  0.095573
C  -2.320917  0.000403  0.237440
C  -1.633860  -1.202998  0.095910
C  1.922215  -0.000524  -0.592745
C  2.757106  0.000409  0.699857
H  2.187307  -0.879477  -1.191733
H  2.187181  0.877593  -1.193052
H  0.258837  2.142361  -0.299463
H  -2.160397  2.146545  0.197907
H  -3.384399  0.000727  0.452141
H  -2.161314  -2.145972  0.198487
H  0.258004  -2.142885  -0.298736
H  2.536369  0.883983  1.307140
H  2.536465  -0.882414  1.308430
H  3.828528  0.000154  0.475187

14
8-O-DOH
C  -1.907879  -0.658455  0.000000
C  -1.877643  0.731730  0.000000
C  -0.651110  1.398818  0.000000
C  0.531265  0.672945  0.000000
C  0.504034  -0.730200  0.000000
C  -0.719162  -1.388391  0.000000
O  1.663838  -1.440688  0.000000
H  -0.720727  -2.472533  0.000000
H  -2.856600  -1.183475  0.000000
H  -0.612843  2.485196  0.000000
H  2.392107  -0.806875  0.000000
H  -2.798730  1.303258  0.000000
O  1.786769  1.231367  0.000000
H  1.714917  2.190320  0.000000

14
9-M-DOH
C  -1.227088  -1.087823  0.000000
C  -0.020984  -1.775366  0.000000
C  1.198530  -1.100979  0.000000
C  1.201358  0.294184  0.000000
C  0.000000  1.003116  0.000000
C  -1.208231  0.309652  0.000000
O  2.350987  1.027021  0.000000
O  -2.409265  0.952889  0.000000
H  -0.026744  -2.860454  0.000000
H  2.135830  -1.649413  0.000000
H  0.028911  2.088356  0.000000
H  -2.179222  -1.603552  0.000000
H  -2.256725  1.903515  0.000000
H  3.102671  0.425572  0.000000

14
10-P-DOH
C  -0.695463  1.206427  0.000000
H  -1.247619  2.139095  0.000000
C  -1.399663  0.003821  0.000000
C  -0.695463  -1.200958  0.000000
C  0.695462  -1.206426  0.000000
C  1.399663  -0.003821  0.000000
C  0.695462  1.200959  0.000000
H  1.247617  -2.139093  0.000000
O  2.766462  -0.066064  0.000000
H  1.235614  2.144308  0.000000
H  3.119092  0.829272  0.000000
H  -1.235615  -2.144307  0.000000
O  -2.766462  0.066061  0.000000
H  -3.119089  -0.829275  0.000000

20
11-O-DMeO
C  -2.128337  -1.095455  0.000000
H  -2.946212  -1.807469  0.000000
C  -2.378941  0.265299  0.000000
C  -1.313945  1.173036  0.000000
C  0.000000  0.720198  0.000000
C  0.256580  -0.672981  0.000000
C  -0.809821  -1.564216  0.000000
H  -3.396812  0.639227  0.000000
H  -1.519390  2.235691  0.000000
O  1.101964  1.516196  0.000000
O  1.569842  -1.024086  0.000000
H  -0.623262  -2.630359  0.000000
C  1.886168  -2.400542  0.000000
H  2.975831  -2.460969  0.000000
H  1.497194  -2.907782  0.892942
H  1.497194  -2.907782  -0.892942
C  0.906965  2.915017  0.000000
H  1.903535  3.359832  0.000000
H  0.362734  3.250300  -0.892937
H  0.362734  3.250300  0.892937

20
12-M-DMeO
C  -0.542280  -2.018632  0.000000
H  -0.753496  -3.083177  0.000000
C  0.789483  -1.591673  0.000000
C  1.051183  -0.223037  0.000000
C  0.000000  0.704899  0.000000
C  -1.316424  0.256579  0.000000
C  -1.592500  -1.118959  0.000000
H  1.589653  -2.318831  0.000000
O  2.297596  0.326372  0.000000
H  0.255762  1.755436  0.000000
O  -2.402476  1.075939  0.000000
H  -2.625716  -1.443767  0.000000
C  -2.186671  2.473444  0.000000
H  -3.176124  2.933823  0.000000
H  -1.637255  2.798836  0.892826
H  -1.637255  2.798836  -0.892826
C  3.410048  -0.546221  0.000000
H  4.296190  0.090885  0.000000
H  3.425122  -1.184462  0.892910
H  3.425122  -1.184462  -0.892910

20
13-P-DMeO
C  1.431821  -0.764490  0.000000
H  2.434763  -1.176087  0.000000
C  1.281330  0.629110  0.000000
C  0.000000  1.171386  0.000000
C  -1.122735  0.334116  0.000000
C  -0.968428  -1.048650  0.000000
C  0.324373  -1.590363  0.000000
O  2.439387  1.352624  0.000000
H  -2.106578  0.785258  0.000000
O  -1.992125  -1.952302  0.000000
H  0.432805  -2.669041  0.000000
C  -3.312648  -1.453339  0.000000
H  -3.969526  -2.325056  0.000000
H  -3.519545  -0.847831  0.892837
H  -3.519545  -0.847831  -0.892837
C  2.337664  2.760602  0.000000
H  3.360489  3.141664  0.000000
H  1.816269  3.131544  -0.892838
H  1.816269  3.131544  0.892838
H  -0.151756  2.243036  0.000000

16
14-O-DFor
C  2.392134  0.144038  0.000000
H  3.407441  0.526212  0.000000
C  2.161961  -1.229796  0.000000
C  0.855512  -1.704922  0.000000
C  -0.237100  -0.830103  0.000000
C  0.000000  0.565390  0.000000
C  1.317886  1.027155  0.000000
H  2.993928  -1.925563  0.000000
H  0.669294  -2.774945  0.000000
C  -1.575509  -1.475824  0.000000
C  -1.082845  1.601972  0.000000
H  1.471398  2.100215  0.000000
O  -0.833907  2.787529  0.000000
H  -2.115137  1.224097  0.000000
O  -2.654709  -0.931339  0.000000
H  -1.510236  -2.587000  0.000000

16
15-M-DFor
C  -1.310662  1.173779  -0.000072
C  -0.237642  2.053500  -0.000076
C  1.064986  1.553945  0.000016
C  1.296926  0.176589  0.000121
C  0.211646  -0.705807  0.000156
C  -1.088808  -0.212565  0.000042
C  2.684019  -0.344254  0.000119
O  2.974170  -1.517054  -0.000278
C  -2.238303  -1.149808  0.000035
O  -3.397271  -0.808678  -0.000048
H  -0.409514  3.124213  -0.000173
H  1.911374  2.235449  -0.000006
H  0.407634  -1.774009  0.000263
H  -2.335253  1.529261  -0.000173
H  -1.952660  -2.224774  0.000117
H  3.470259  0.443439  0.000536

16
16-P-DFor
C  1.215061  -0.696352  0.000000
C  1.211984  0.689896  0.000000
C  0.000000  1.391189  0.000000
C  -1.215070  0.696388  0.000000
C  -1.211911  -0.689889  0.000000
C  0.000021  -1.391199  0.000000
C  0.007081  2.874893  0.000000
O  -0.985590  3.563244  0.000000
C  -0.007102  -2.874891  0.000000
O  0.985531  -3.563291  0.000000
H  2.147722  1.241760  0.000000
H  -2.137565  1.265689  0.000000
H  -2.147617  -1.241762  0.000000
H  2.137596  -1.265576  0.000000
H  -1.022832  -3.329023  0.000000
H  1.022783  3.329075  0.000000

20
17-O-DVin
C  0.691258  2.292345  -0.084430
H  1.235046  3.228318  -0.157269
C  -0.692114  2.292102  0.084434
C  -1.373404  1.085382  0.167656
C  -0.703334  -0.143031  0.080781
C  0.703438  -0.142803  -0.080585
C  1.373004  1.085893  -0.167605
H  -1.236266  3.227876  0.157089
H  -2.445118  1.084227  0.334766
C  -1.452750  -1.406365  0.202205
C  1.453116  -1.405930  -0.201793
H  2.444671  1.085224  -0.335017
C  2.713432  -1.607714  0.188727
H  0.916575  -2.235640  -0.655085
H  3.201613  -2.564573  0.040980
H  3.298889  -0.835749  0.678022
C  -2.712683  -1.608529  -0.189280
H  -0.916478  -2.235646  0.656635
H  -3.200924  -2.565344  -0.041426
H  -3.297785  -0.836784  -0.679354

20
18-M-DVin
C  -0.407196  -2.048797  0.000000
H  -0.569550  -3.121757  0.000000
C  -1.499747  -1.184538  0.000000
C  -1.315068  0.203302  0.000000
C  0.000000  0.689950  0.000000
C  1.109511  -0.159111  0.000000
C  0.885232  -1.547251  0.000000
H  -2.508502  -1.586314  0.000000
C  -2.495854  1.077923  0.000000
H  0.173078  1.761569  0.000000
C  2.453898  0.434873  0.000000
H  1.725191  -2.232759  0.000000
C  3.627545  -0.200141  0.000000
H  2.461348  1.523762  0.000000
H  4.560170  0.352288  0.000000
H  3.712893  -1.281603  0.000000
C  -2.526711  2.412077  0.000000
H  -3.445190  0.544562  0.000000
H  -3.469027  2.947780  0.000000
H  -1.630068  3.022748  0.000000

20
19-P-DVin
C  0.691218  -0.993524  -0.000058
C  -0.691203  -0.993531  -0.000087
C  -1.422530  0.208366  -0.000050
C  -0.694235  1.404929  -0.000004
C  0.694231  1.404936  0.000028
C  1.422534  0.208379  0.000005
C  -2.887760  0.262164  -0.000063
C  -3.743958  -0.762705  0.000132
C  2.887765  0.262173  0.000038
C  3.743942  -0.762713  0.000031
H  -1.216454  -1.942517  -0.000161
H  -1.230096  2.349659  0.000015
H  1.230083  2.349671  0.000069
H  1.216483  -1.942503  -0.000094
H  3.297988  1.270947  0.000073
H  4.814751  -0.594689  0.000059
H  3.422601  -1.798854  -0.000001
H  -3.297970  1.270944  -0.000236
H  -4.814763  -0.594655  0.000098
H  -3.422647  -1.798854  0.000344

18
20-O-DMe
C  -1.956868  0.694978  0.000017
H  -2.892098  1.245348  0.000041
C  -1.956847  -0.695054  0.000011
C  -0.744853  -1.381016  -0.000022
C  0.476042  -0.704384  -0.000037
C  0.476004  0.704398  -0.000033
C  -0.744907  1.380992  -0.000008
H  -2.891957  -1.245401  0.000027
H  -0.743193  -2.467359  -0.000030
C  1.772008  -1.477154  0.000002
C  1.771930  1.477220  -0.000001
H  -0.743281  2.467335  -0.000006
H  1.587657  2.554478  -0.000611
H  2.384648  1.243543  0.879109
H  2.385276  1.242602  -0.878412
H  2.385470  -1.242646  -0.878333
H  2.384656  -1.243363  0.879139
H  1.587772  -2.554421  -0.000502

18
21-M-DMe
C  0.000233  1.819483  0.004449
H  0.000332  2.904987  0.003627
C  -1.207006  1.127281  -0.000511
C  -1.222177  -0.269804  -0.009376
C  -0.000117  -0.946678  -0.018112
C  1.221923  -0.270225  -0.009193
C  1.207122  1.127078  -0.000264
H  -2.145370  1.674178  -0.003899
C  -2.526373  -1.029948  0.009584
H  -0.000258  -2.034014  -0.035675
C  2.526277  -1.030114  0.009460
H  2.145656  1.673708  -0.003480
H  3.304477  -0.503402  -0.551186
H  2.897478  -1.157896  1.034031
H  2.413969  -2.029060  -0.421670
H  -2.419426  -2.020147  -0.442724
H  -2.885129  -1.178651  1.035783
H  -3.311026  -0.492144  -0.531027

18
22-P-DMe
C  0.695696  1.195819  0.007657
H  1.229848  2.141964  0.012922
C  1.418357  0.000210  0.012994
C  0.695551  -1.195629  0.007666
C  -0.695563  -1.195623  -0.007675
C  -1.418357  0.000223  -0.012999
C  -0.695685  1.195825  -0.007666
C  2.927438  -0.000203  -0.004571
H  1.229736  -2.141776  0.012974
H  -1.229756  -2.141766  -0.012995
C  -2.927437  -0.000197  0.004588
H  -1.229832  2.141974  -0.012942
H  -3.333366  0.892388  -0.480667
H  -3.333313  -0.878191  -0.506830
H  -3.315680  -0.015672  1.030801
H  3.333305  -0.878433  0.506445
H  3.315700  -0.015186  -1.030783
H  3.333361  0.892156  0.481113

24
23-O-DEt
C  1.236587  1.282653  -0.503874
H  1.234711  2.293434  -0.903323
C  2.448092  0.647509  -0.254523
C  2.448090  -0.647521  0.254520
C  1.236584  -1.282661  0.503872
C  0.010696  -0.655506  0.256662
C  0.010698  0.655502  -0.256662
H  3.383001  1.159284  -0.458071
H  3.382998  -1.159299  0.458066
H  1.234705  -2.293442  0.903322
C  -1.266918  -1.429779  0.514727
C  -1.266914  1.429780  -0.514723
H  -2.067548  -0.760137  0.843178
C  -1.741303  -2.226776  -0.714168
H  -1.095786  -2.126759  1.342966
H  -2.655773  -2.785698  -0.490454
H  -1.946596  -1.565973  -1.562396
H  -0.975043  -2.940422  -1.032789
C  -1.741280  2.226793  0.714168
H  -1.095785  2.126750  -1.342972
H  -2.067551  0.760141  -0.843158
H  -2.655748  2.785719  0.490459
H  -1.946569  1.565999  1.562404
H  -0.975012  2.940437  1.032775

24
24-M-DEt
C  0.000010  -0.659390  -0.000039
C  1.178202  0.017270  0.325384
C  1.162419  1.414804  0.323735
C  -0.000041  2.108115  -0.000001
C  -1.162481  1.414776  -0.323744
C  -1.178212  0.017239  -0.325417
C  2.448851  -0.744032  0.631020
C  3.299855  -1.008622  -0.623424
C  -2.448848  -0.744092  -0.631032
C  -3.299781  -1.008642  0.623492
H  2.066401  1.961116  0.577777
H  -0.000045  3.193625  0.000002
H  -2.066486  1.961045  -0.577797
H  0.000029  -1.747446  -0.000078
H  -3.045696  -0.182200  -1.358819
H  -2.198424  -1.700498  -1.104435
H  -4.211627  -1.559343  0.370851
H  -2.739973  -1.595513  1.358665
H  -3.591245  -0.068961  1.103366
H  3.045640  -0.182117  1.358840
H  2.198414  -1.700428  1.104446
H  4.211677  -1.559326  -0.370695
H  2.740107  -1.595525  -1.358620
H  3.591390  -0.068982  -1.103338

24
25-P-DEt
C  0.675644  1.196378  0.165874
H  1.195414  2.142142  0.293880
C  1.377376  -0.000079  0.336885
C  0.675543  -1.196342  0.165938
C  -0.675644  -1.196354  -0.165875
C  -1.377376  0.000105  -0.336885
C  -0.675543  1.196367  -0.165939
C  2.855430  0.000077  0.654941
H  1.195341  -2.142136  0.293986
H  -1.195414  -2.142117  -0.293881
C  -2.855430  -0.000054  -0.654940
H  -1.195341  2.142161  -0.293986
C  -3.737074  -0.000006  0.606218
H  -3.098907  0.878315  -1.264054
H  -3.098706  -0.878564  -1.263963
H  -4.799783  0.000015  0.343024
H  -3.538519  -0.883092  1.221876
H  -3.538667  0.883252  1.221804
H  3.098719  0.878624  1.263904
H  3.098893  -0.878255  1.264114
C  3.737075  -0.000070  -0.606217
H  4.799783  -0.000093  -0.343023
H  3.538652  -0.883365  -1.221746
H  3.538535  0.882979  -1.221933

17
26-O-OHMeO
C  -0.015766  -1.391688  0.000007
H  0.685392  -2.216928  -0.000033
C  -1.391346  -1.645323  0.000000
C  -2.294987  -0.591177  0.000005
C  -1.837275  0.727644  0.000006
C  -0.475289  0.989331  -0.000009
C  0.440524  -0.080227  -0.000026
H  -1.742870  -2.670933  0.000009
H  -3.361760  -0.786046  0.000025
H  -2.524132  1.566448  0.000044
O  -0.022714  2.270832  0.000007
O  1.752892  0.317717  -0.000108
H  0.942444  2.227674  0.000248
C  2.753423  -0.681772  0.000059
H  3.711187  -0.158901  -0.001077
H  2.686918  -1.314419  0.894107
H  2.685701  -1.316023  -0.892762

17
27-M-OHMeO
C  -0.832019  -0.347805  0.000000
O  -2.190355  -0.284675  0.000000
C  -0.283722  -1.637876  0.000000
C  1.093017  -1.790614  0.000000
C  1.943074  -0.684080  0.000000
C  1.386512  0.592336  0.000000
C  0.000000  0.770523  0.000000
H  -0.953747  -2.488663  0.000000
H  1.519275  -2.788494  0.000000
H  3.021499  -0.812194  0.000000
O  2.146138  1.725756  0.000000
H  -0.385317  1.780690  0.000000
H  3.075834  1.475988  0.000000
C  -2.802905  0.990192  0.000000
H  -3.879163  0.809814  0.000000
H  -2.534194  1.569076  0.892959
H  -2.534194  1.569076  -0.892959

17
28-P-OHMeO
C  -1.519443  -0.912989  0.000000
C  -1.301088  0.454127  0.000000
C  0.000000  0.971470  0.000000
C  1.081002  0.091696  0.000000
C  0.857139  -1.287737  0.000000
C  -0.436384  -1.797039  0.000000
O  0.100329  2.333596  0.000000
C  1.393275  2.900124  0.000000
O  -0.712282  -3.136773  0.000000
H  -2.132199  1.150201  0.000000
H  2.099626  0.457098  0.000000
H  1.707341  -1.965232  0.000000
H  -2.525637  -1.316248  0.000000
H  0.116760  -3.625504  0.000000
H  1.253317  3.982615  0.000000
H  1.964708  2.612289  0.892942
H  1.964708  2.612289  -0.892942

15
29-O-OHFor
C  1.385889  0.876174  0.000000
H  1.739226  1.903780  0.000000
C  2.281467  -0.175943  0.000000
C  1.786574  -1.488515  0.000000
C  0.425800  -1.749559  0.000000
C  -0.488002  -0.688285  0.000000
C  0.000000  0.644305  0.000000
H  3.349495  0.006060  0.000000
H  2.482588  -2.321474  0.000000
H  0.041020  -2.762644  0.000000
O  -1.795924  -0.955478  0.000000
C  -0.933875  1.755285  0.000000
H  -2.266733  -0.088735  0.000000
O  -2.155707  1.637496  0.000000
H  -0.479666  2.766102  0.000000

15
30-M-OHFor
C  0.015155  -0.806469  0.000077
C  0.891064  0.284315  -0.000117
C  0.396131  1.589090  -0.000038
C  -0.981250  1.798989  0.000026
C  -1.856095  0.720225  -0.000027
C  -1.357390  -0.589394  0.000003
C  2.352106  0.050863  0.000064
O  2.876311  -1.039144  -0.000114
O  -2.267425  -1.600256  0.000002
H  1.085501  2.427413  -0.000067
H  -1.378985  2.808119  0.000062
H  -2.930417  0.865718  -0.000112
H  0.434408  -1.808577  0.000403
H  -1.803177  -2.444174  0.000005
H  2.963252  0.980983  0.000677

15
31-P-OHFor
C  -1.124995  0.195221  0.000000
H  -2.107683  0.653665  0.000000
C  0.000000  1.030391  0.000000
C  1.275798  0.454285  0.000000
C  1.437116  -0.921724  0.000000
C  0.306117  -1.744077  0.000000
C  -0.977679  -1.180473  0.000000
C  -0.155893  2.494137  0.000000
H  2.150424  1.099037  0.000000
H  2.418169  -1.381734  0.000000
O  0.510208  -3.084090  0.000000
H  -1.850260  -1.828616  0.000000
H  -0.339469  -3.538221  0.000000
O  -1.215350  3.080940  0.000000
H  0.807171  3.054517  0.000000

17
32-O-OHVin
C  -0.006326  -1.410467  -0.068262
C  1.357547  -1.667733  -0.020567
C  2.255756  -0.604044  0.037725
C  1.780649  0.702104  0.045587
C  0.409210  0.952671  0.000505
C  -0.519644  -0.106157  -0.051689
O  -0.082837  2.225864  0.013981
C  -1.956673  0.190715  -0.101305
C  -2.957258  -0.665112  0.120631
H  1.718757  -2.689820  -0.038262
H  3.324503  -0.786760  0.071089
H  2.473987  1.538542  0.089534
H  -0.701100  -2.240409  -0.138405
H  -2.200167  1.222498  -0.335048
H  -3.990335  -0.345334  0.044990
H  -2.795837  -1.703126  0.392824
H  0.653330  2.845642  0.025688

17
33-M-OHVin
C  -1.924397  0.668298  0.000013
C  -1.077678  1.767851  0.000011
C  0.304922  1.601925  -0.000001
C  0.869131  0.319890  -0.000011
C  0.007910  -0.787832  -0.000013
C  -1.372168  -0.616527  0.000001
C  2.332432  0.190689  -0.000022
C  3.056804  -0.930225  0.000028
O  -2.240807  -1.667539  -0.000004
H  -1.500545  2.767154  0.000019
H  0.956831  2.469246  -0.000002
H  0.415818  -1.794949  -0.000031
H  -3.002564  0.777131  0.000022
H  -1.739686  -2.489689  -0.000032
H  2.862153  1.141765  -0.000073
H  4.140149  -0.894613  0.000012
H  2.612569  -1.920152  0.000088

17
34-P-OHVin
C  1.266471  0.419589  0.000000
H  2.149584  1.051755  0.000000
C  0.000000  1.018080  0.000000
C  -1.116247  0.163291  0.000000
C  -0.975875  -1.213729  0.000000
C  0.299854  -1.786851  0.000000
C  1.423679  -0.961621  0.000000
C  -0.101140  2.480936  0.000000
H  -2.115855  0.584196  0.000000
H  -1.840890  -1.867108  0.000000
O  0.379478  -3.146171  0.000000
H  2.419111  -1.398340  0.000000
H  1.306275  -3.407436  0.000000
C  -1.206905  3.229533  0.000000
H  0.860087  2.993398  0.000000
H  -1.147469  4.311746  0.000000
H  -2.205688  2.805789  0.000000

16
35-O-OHMe
O  -0.627802  2.072431  0.000000
H  0.037373  2.768242  0.000000
C  0.000000  0.858137  0.000000
C  -0.822860  -0.279251  0.000000
C  -0.202760  -1.527183  0.000000
C  1.185346  -1.660885  0.000000
C  1.981075  -0.520960  0.000000
C  1.388299  0.739502  0.000000
C  -2.320637  -0.124260  0.000000
H  -0.827851  -2.415558  0.000000
H  1.637140  -2.646508  0.000000
H  3.062758  -0.604019  0.000000
H  2.003375  1.636239  0.000000
H  -2.813550  -1.099619  0.000000
H  -2.663801  0.435583  0.876999
H  -2.663801  0.435583  -0.876999

16
36-M-OHMe
O  -2.308707  -1.186808  0.000778
H  -3.103622  -0.643789  0.005726
C  -1.215319  -0.370608  0.000918
C  0.039304  -0.981615  -0.009284
C  1.203761  -0.215732  -0.010891
C  1.096510  1.180122  -0.007952
C  -0.154120  1.787145  0.002278
C  -1.316432  1.020488  0.007227
H  0.085790  -2.065554  -0.017415
C  2.557749  -0.883101  0.008724
H  1.995173  1.788470  -0.015436
H  -0.230556  2.869738  0.002299
H  -2.293350  1.496735  0.011368
H  3.291228  -0.313293  -0.569591
H  2.944471  -0.962388  1.032258
H  2.511799  -1.895645  -0.401549

16
37-P-OHMe
C  0.643727  1.197010  -0.000039
C  1.377324  0.011084  -0.000042
C  0.662287  -1.193249  -0.000038
C  -0.725205  -1.217974  -0.000006
C  -1.440467  -0.018519  0.000015
C  -0.749927  1.191595  -0.000006
C  2.886772  0.016588  0.000051
O  -2.803314  -0.094319  0.000032
H  3.280035  1.036870  -0.001280
H  3.292308  -0.496158  -0.879902
H  3.292202  -0.493777  0.881450
H  1.204952  -2.134562  -0.000072
H  -1.272368  -2.153878  -0.000017
H  -1.298569  2.130244  -0.000020
H  1.166490  2.149040  -0.000069
H  -3.165608  0.797565  0.000036

19
38-O-OHEt
C  -0.185641  0.896348  -0.105831
C  -1.541487  1.090890  0.152123
C  -2.399861  -0.001758  0.242599
C  -1.902480  -1.289050  0.072622
C  -0.544838  -1.468381  -0.187953
C  0.339356  -0.394190  -0.281562
C  1.812731  -0.595405  -0.547795
C  2.682027  -0.449456  0.713970
O  0.689049  1.944220  -0.203017
H  -1.922833  2.101111  0.281226
H  -3.453582  0.159898  0.443841
H  -2.562852  -2.146559  0.137609
H  -0.153534  -2.472279  -0.327869
H  1.960846  -1.591127  -0.979979
H  2.150251  0.130476  -1.295665
H  3.739237  -0.607742  0.477587
H  2.574930  0.550412  1.142499
H  2.391167  -1.179174  1.476414
H  0.205131  2.767243  -0.080571

19
39-M-OHEt
C  -0.889266  1.798889  0.114768
H  -1.154204  2.842128  0.253752
C  -1.880920  0.825441  0.198513
C  -1.540075  -0.514707  0.012314
C  -0.217409  -0.869449  -0.254163
C  0.778009  0.103566  -0.336374
C  0.429524  1.446450  -0.150659
H  -2.911985  1.102528  0.402031
O  -2.458784  -1.521597  0.074787
H  0.017096  -1.919018  -0.399744
C  2.216193  -0.293964  -0.584451
H  1.193591  2.214323  -0.219274
C  2.991459  -0.556230  0.718673
H  2.245521  -1.193964  -1.208995
H  2.720464  0.497400  -1.150739
H  4.027768  -0.839119  0.507849
H  3.003965  0.336089  1.352471
H  2.527568  -1.364162  1.293168
H  -3.324604  -1.143404  0.259455

19
40-P-EtOH
C  0.203741  -1.190259  -0.243501
C  -1.168947  -1.218731  -0.033119
C  -1.876642  -0.021499  0.080845
C  -1.195929  1.191688  -0.020156
C  0.180143  1.200457  -0.231173
C  0.908226  0.014577  -0.345308
O  -3.224154  -0.098299  0.283329
C  2.408175  0.030110  -0.535737
C  3.183261  -0.012596  0.792796
H  -1.709223  -2.155785  0.039689
H  -1.741992  2.128462  0.060299
H  0.694911  2.153793  -0.312518
H  0.741573  -2.129915  -0.335653
H  2.697297  0.929539  -1.091922
H  2.707766  -0.824699  -1.153592
H  4.264301  -0.002079  0.619078
H  2.930741  0.848210  1.420317
H  2.938550  -0.916811  1.359355
H  -3.582858  0.793203  0.340440

18
41-O-MeOFor
C  -1.574923  0.874627  0.000122
H  -2.645397  0.700380  0.000193
C  -1.045732  2.156541  0.000022
C  0.339099  2.315645  -0.000071
C  1.190504  1.213666  -0.000107
C  0.654224  -0.077587  0.000071
C  -0.746934  -0.251921  0.000230
H  -1.697687  3.022432  0.000017
H  0.770664  3.311561  -0.000183
H  2.261291  1.367455  -0.000097
O  1.405167  -1.206620  -0.000102
C  -1.361375  -1.598006  0.000271
C  2.817292  -1.089987  -0.000034
H  3.178189  -0.566856  -0.893998
H  3.177874  -0.566971  0.894150
H  3.202602  -2.110428  -0.000077
O  -2.559001  -1.789769  -0.000419
H  -0.649795  -2.444334  0.001146

18
42-M-MeOFor
C  1.258152  0.101351  0.000000
C  0.000999  -0.519500  0.000004
C  -1.148654  0.263286  0.000004
C  -1.034300  1.663909  0.000001
C  0.212806  2.268977  -0.000002
C  1.369871  1.490238  -0.000003
O  -2.416394  -0.220244  0.000005
C  -2.593312  -1.626606  -0.000006
H  -1.945991  2.250766  0.000002
C  2.480558  -0.731743  0.000000
O  2.492992  -1.941439  0.000000
H  0.282168  3.351462  -0.000005
H  2.351550  1.953440  -0.000006
H  -0.028047  -1.601118  0.000008
H  -3.671021  -1.795320  -0.000034
H  -2.153672  -2.087922  -0.892982
H  -2.153718  -2.087931  0.892988
H  3.429223  -0.149393  0.000000

18
43-P-MeOFor
C  0.833401  1.040065  -0.000030
C  -0.536662  1.280478  -0.000018
C  -1.455446  0.230966  -0.000012
C  -0.979111  -1.091082  -0.000041
C  0.375538  -1.346389  -0.000012
C  1.294091  -0.281454  -0.000008
C  -2.900339  0.509863  0.000046
O  -3.771915  -0.331008  0.000040
O  2.598495  -0.638429  0.000018
C  3.583222  0.381765  0.000029
H  -0.899134  2.305036  -0.000021
H  -1.701896  -1.899433  -0.000102
H  0.765186  -2.357860  -0.000007
H  1.525698  1.871366  -0.000041
H  4.546499  -0.129848  0.000052
H  3.508463  1.012900  -0.893952
H  3.508428  1.012915  0.893997
H  -3.154040  1.595153  -0.000115

20
44-O-MeOVin
C  -1.393003  1.013068  0.045414
C  -0.757845  2.253122  0.044060
C  0.628950  2.330883  -0.018314
C  1.375834  1.159769  -0.076935
C  0.775614  -0.103598  -0.064890
C  -0.636965  -0.159033  -0.008750
C  1.551161  -1.349573  -0.126806
C  2.849263  -1.492328  0.151274
O  -1.183946  -1.406612  -0.002007
C  -2.591795  -1.531462  0.023034
H  -1.357170  3.156658  0.085126
H  1.125853  3.294484  -0.032369
H  2.456104  1.219589  -0.154470
H  -2.473047  0.968087  0.092128
H  -2.800844  -2.602401  0.005364
H  -3.021158  -1.096428  0.934631
H  -3.057310  -1.058546  -0.851248
H  0.983131  -2.226886  -0.419222
H  3.336621  -2.456293  0.058104
H  3.472102  -0.670446  0.489487

20
45-M-MeOVin
C  1.176223  1.616222  -0.000108
C  -0.032126  2.292483  -0.000127
C  -1.236824  1.590825  0.000021
C  -1.243562  0.192725  0.000173
C  -0.014459  -0.491414  0.000167
C  1.185002  0.213810  0.000006
C  -2.535735  -0.506615  0.000314
C  -2.758378  -1.822621  -0.000421
O  2.418676  -0.361950  -0.000243
C  2.501175  -1.773576  0.000186
H  -0.038458  3.377562  -0.000210
H  -2.179543  2.128137  0.000008
H  -0.009757  -1.572888  0.000603
H  2.125004  2.139992  -0.000161
H  3.565309  -2.015494  -0.000320
H  2.033828  -2.207359  0.893817
H  2.032743  -2.207995  -0.892569
H  -3.398968  0.156883  0.001043
H  -3.767873  -2.217450  -0.000221
H  -1.959586  -2.556833  -0.001321

20
46-P-MeOVin
C  1.206270  0.649265  0.000000
H  2.135419  1.212009  0.000000
C  1.260465  -0.747903  0.000000
C  0.033770  -1.438226  0.000000
C  -1.171659  -0.764049  0.000000
C  -1.202004  0.638142  0.000000
C  0.000000  1.346720  0.000000
C  2.564896  -1.417107  0.000000
H  0.025053  -2.522825  0.000000
H  -2.115228  -1.297947  0.000000
O  -2.438051  1.203057  0.000000
H  0.011085  2.428871  0.000000
C  -2.527806  2.614892  0.000000
H  -3.592955  2.851645  0.000000
H  -2.061645  3.050377  0.893205
H  -2.061645  3.050377  -0.893205
C  2.816494  -2.728599  0.000000
H  3.414724  -0.735670  0.000000
H  3.834278  -3.101255  0.000000
H  2.032776  -3.478857  0.000000

19
47-O-MeOMe
C  -2.283646  -0.676407  -0.000005
H  -3.345277  -0.897192  -0.000008
C  -1.349770  -1.702607  0.000010
C  0.015870  -1.413388  0.000002
C  0.442536  -0.085717  -0.000012
C  -0.489869  0.970241  0.000005
C  -1.842868  0.647938  -0.000010
H  -1.672088  -2.738727  0.000028
H  0.732968  -2.224002  0.000019
O  1.752012  0.297547  -0.000038
C  -0.007638  2.396806  0.000016
H  -2.568317  1.456463  -0.000024
H  -0.851027  3.091858  -0.000025
H  0.614414  2.607938  0.876691
H  0.614528  2.607921  -0.876584
C  2.746710  -0.706270  0.000016
H  3.705524  -0.184770  -0.000022
H  2.682610  -1.341670  0.892943
H  2.682619  -1.341761  -0.892849

19
48-M-MeOMe
C  -1.054820  -1.836476  0.000000
H  -1.467326  -2.840363  0.000000
C  0.319114  -1.664465  0.000000
C  0.852878  -0.369358  0.000000
C  0.000000  0.733599  0.000000
C  -1.391199  0.557735  0.000000
C  -1.911689  -0.733608  0.000000
H  1.001324  -2.506582  0.000000
O  2.212938  -0.293688  0.000000
H  0.400404  1.740316  0.000000
C  -2.297562  1.765456  0.000000
H  -2.986775  -0.880819  0.000000
H  -3.350415  1.472166  0.000000
H  -2.125189  2.394704  0.880757
H  -2.125189  2.394704  -0.880757
C  2.813062  0.985862  0.000000
H  3.891188  0.816198  0.000000
H  2.539886  1.563358  -0.892886
H  2.539886  1.563358  0.892886

19
49-P-MeOMe
C  1.091126  0.138544  0.000000
H  2.105504  0.516086  0.000000
C  0.000000  1.006595  0.000000
C  -1.296193  0.476654  0.000000
C  -1.488522  -0.894527  0.000000
C  -0.406420  -1.786463  0.000000
C  0.874318  -1.241484  0.000000
O  0.085898  2.366486  0.000000
H  -2.134496  1.164262  0.000000
H  -2.502474  -1.285069  0.000000
C  -0.632593  -3.278581  0.000000
H  1.735210  -1.904047  0.000000
H  0.315225  -3.823793  0.000000
H  -1.200693  -3.600464  0.880611
H  -1.200693  -3.600464  -0.880611
C  1.372473  2.950892  0.000000
H  1.216812  4.031140  0.000000
H  1.946644  2.670338  0.892889
H  1.946644  2.670338  -0.892889

22
50-O-MeOEt
C  -1.303581  1.138132  0.167007
H  -1.408991  2.205741  0.309688
C  -2.431495  0.320080  0.244658
C  -2.316769  -1.050630  0.061161
C  -1.061485  -1.600005  -0.201650
C  0.084591  -0.814359  -0.282042
C  -0.053926  0.575112  -0.092606
H  -3.398570  0.768282  0.447967
H  -3.191126  -1.689600  0.116801
H  -0.964986  -2.671584  -0.353122
C  1.441752  -1.422017  -0.550477
O  1.101087  1.298413  -0.185846
H  1.977179  -0.809762  -1.283818
C  2.308538  -1.554183  0.714492
H  1.301167  -2.411107  -1.000132
H  3.277514  -2.004948  0.476344
H  2.489651  -0.573440  1.161767
H  1.816069  -2.183335  1.462875
C  1.031171  2.701882  -0.035991
H  2.050509  3.071902  -0.159795
H  0.386658  3.159774  -0.797517
H  0.663454  2.986704  0.958391

22
51-M-MeOEt
C  1.235579  0.067196  -0.337650
C  1.075207  1.444274  -0.131885
C  -0.186126  1.972328  0.105368
C  -1.315356  1.153068  0.143530
C  -1.162274  -0.219147  -0.062592
C  0.110242  -0.749672  -0.301945
O  -2.183041  -1.121251  -0.054840
C  -3.493494  -0.644337  0.176216
C  2.609619  -0.526024  -0.557038
C  3.325915  -0.866243  0.761609
H  -0.304676  3.040238  0.259719
H  -2.289160  1.587693  0.326541
H  0.193500  -1.819749  -0.463127
H  1.941748  2.097404  -0.163830
H  2.524441  -1.432862  -1.166224
H  3.223840  0.179296  -1.128824
H  4.317854  -1.288597  0.571413
H  3.449529  0.027284  1.381678
H  2.750382  -1.594662  1.341458
H  -4.146168  -1.518373  0.140607
H  -3.584984  -0.167203  1.160754
H  -3.807852  0.070887  -0.595124

22
52-P-MeOEt
C  -0.581634  1.399790  -0.046276
H  -1.032449  2.381240  0.048874
C  -1.414971  0.276565  0.001164
C  -0.855120  -0.995204  -0.128969
C  0.523576  -1.126308  -0.301809
C  1.369710  -0.020231  -0.348441
C  0.784775  1.246494  -0.218518
O  -2.743355  0.528179  0.170281
H  -1.474178  -1.882718  -0.103440
H  0.943646  -2.123053  -0.406445
C  2.866003  -0.177617  -0.497707
H  1.414384  2.131288  -0.258102
C  3.604463  -0.209895  0.851846
H  3.083460  -1.099796  -1.049035
H  3.262617  0.645777  -1.103753
H  4.684297  -0.320425  0.707922
H  3.429440  0.711917  1.415896
H  3.255427  -1.044832  1.467901
C  -3.628024  -0.572703  0.222365
H  -4.626469  -0.154939  0.362991
H  -3.609506  -1.153951  -0.708987
H  -3.396494  -1.241278  1.061999

18
53-O-ForVin
C  -0.806981  -1.471033  -0.126820
C  -2.146725  -1.112223  -0.038620
C  -2.511194  0.228630  0.068664
C  -1.514489  1.192829  0.079508
C  -0.158832  0.847961  -0.001776
C  0.219677  -0.516652  -0.096133
C  0.790334  1.984301  0.029425
O  1.999479  1.939425  -0.006045
C  1.627872  -0.936931  -0.182951
C  2.097588  -2.118237  0.226019
H  -2.910179  -1.883003  -0.065852
H  -3.555143  0.514346  0.132108
H  -1.777449  2.244324  0.155180
H  -0.544001  -2.515794  -0.247471
H  2.315898  -0.201855  -0.580567
H  3.147890  -2.365963  0.120623
H  1.471578  -2.867970  0.699529
H  0.272080  2.968637  0.090923

18
54-M-ForVin
C  -0.479963  -2.017187  0.000000
H  -0.657204  -3.087361  0.000000
C  -1.554382  -1.130376  0.000000
C  -1.314043  0.244125  0.000000
C  0.000000  0.722040  0.000000
C  1.089133  -0.151648  0.000000
C  0.821569  -1.534117  0.000000
H  -2.576179  -1.498874  0.000000
C  -2.451723  1.190844  0.000000
H  0.153077  1.796553  0.000000
C  2.449763  0.404031  0.000000
H  1.645167  -2.239783  0.000000
C  3.603083  -0.266722  0.000000
H  2.486577  1.491758  0.000000
H  4.551859  0.257270  0.000000
H  3.656694  -1.350287  0.000000
O  -2.348572  2.395421  0.000000
H  -3.452037  0.701421  0.000000

18
55-P-ForVin 
C  -1.383246  0.214623  0.000057
C  -0.670854  -1.000894  0.000197
C  0.710683  -1.014405  0.000243
C  1.431730  0.188996  0.000114
C  0.737654  1.400310  -0.000009
C  -0.650577  1.411303  -0.000025
C  2.908299  0.179860  0.000053
O  3.593832  -0.817116  -0.000354
C  -2.848897  0.284678  -0.000020
C  -3.710678  -0.735069  -0.000199
H  1.264854  -1.946501  0.000366
H  1.291453  2.335165  -0.000097
H  -1.184327  2.356667  -0.000133
H  -1.210953  -1.941018  0.000280
H  -3.250527  1.296387  0.000068
H  -4.780350  -0.559994  -0.000235
H  -3.396472  -1.773198  -0.000328
H  3.370986  1.193010  0.000441

17
56-O-ForMe
C  1.854009  -1.454189  0.000000
H  2.564384  -2.274696  0.000000
C  2.307495  -0.138027  0.000000
C  1.375442  0.890271  0.000000
C  0.000000  0.626286  0.000000
C  -0.467562  -0.709122  0.000000
C  0.487446  -1.726987  0.000000
H  3.369484  0.080716  0.000000
H  1.706023  1.925448  0.000000
C  -0.896461  1.800821  0.000000
C  -1.932704  -1.058601  0.000000
H  0.150284  -2.759071  0.000000
H  -2.063931  -2.143965  0.000000
H  -2.444270  -0.639229  0.870716
H  -2.444270  -0.639229  -0.870716
O  -2.107261  1.787206  0.000000
H  -0.345623  2.769670  0.000000

17
57-M-ForMe
C  1.784638  -0.820587  0.000000
C  0.868062  -1.866603  0.000000
C  -0.496333  -1.591409  0.000000
C  -0.932796  -0.266074  0.000000
C  0.000000  0.778881  0.000000
C  1.366093  0.519317  0.000000
C  -2.382165  0.029031  0.000000
O  -2.863679  1.138445  0.000000
C  2.379558  1.637396  0.000000
H  1.218477  -2.893265  0.000000
H  -1.224076  -2.397874  0.000000
H  -0.374794  1.797326  0.000000
H  2.848298  -1.042496  0.000000
H  3.029192  1.585059  0.880819
H  3.029192  1.585059  -0.880819
H  1.891991  2.615145  0.000000
H  -3.031187  -0.876219  0.000000

17
58-P-ForMe
C  1.269406  0.486369  0.000000
H  2.149046  1.124495  0.000000
C  0.000000  1.066578  0.000000
C  -1.132110  0.240125  0.000000
C  -0.986200  -1.136172  0.000000
C  0.286960  -1.728746  0.000000
C  1.409848  -0.897403  0.000000
C  -0.142308  2.536306  0.000000
H  -2.111530  0.705661  0.000000
H  -1.866852  -1.772008  0.000000
C  0.427554  -3.229658  0.000000
H  2.401086  -1.340055  0.000000
H  1.476761  -3.534839  0.000000
H  -0.052784  -3.671560  0.880206
H  -0.052784  -3.671560  -0.880206
O  -1.195942  3.130956  0.000000
H  0.825691  3.087819  0.000000

20
59-O-ForEt
C  1.471467  1.265017  0.199538
H  1.614426  2.329021  0.367661
C  2.560174  0.405670  0.229884
C  2.349576  -0.951223  -0.000294
C  1.065700  -1.427788  -0.254243
C  -0.047064  -0.584053  -0.279850
C  0.173765  0.794222  -0.044979
H  3.556939  0.785537  0.424344
H  3.186430  -1.642181  0.011666
H  0.918868  -2.487442  -0.441662
C  -1.412699  -1.179647  -0.538435
C  -0.891754  1.820369  -0.052971
H  -1.997291  -0.515583  -1.177380
C  -2.206074  -1.441860  0.754847
H  -1.276302  -2.125877  -1.074134
H  -3.164057  -1.916681  0.521744
H  -1.653748  -2.103432  1.430081
H  -2.413029  -0.505316  1.276905
O  -2.081786  1.640564  -0.187985
H  -0.496493  2.853205  0.083671

20
60-M-ForEt
C  -0.092644  2.172197  0.097672
H  -0.049535  3.249038  0.221728
C  -1.308666  1.503791  0.192196
C  -1.351007  0.118155  0.022726
C  -0.173246  -0.590904  -0.239662
C  1.051656  0.063652  -0.334856
C  1.071869  1.455548  -0.163548
H  -2.226507  2.049204  0.392532
C  -2.644469  -0.593351  0.116887
H  -0.243272  -1.666221  -0.371415
C  2.331153  -0.703383  -0.581885
H  2.018094  1.983954  -0.242177
C  3.041717  -1.104850  0.722615
H  2.108069  -1.603872  -1.164347
H  3.009962  -0.095496  -1.191160
H  3.963571  -1.655265  0.510887
H  3.301319  -0.222433  1.316250
H  2.398262  -1.741324  1.337969
O  -2.790450  -1.786484  -0.016451
H  -3.514552  0.069160  0.328469

20
61-P-ForEt
C  -0.708628  1.361636  -0.026250
H  -1.183865  2.332967  0.081690
C  -1.492903  0.206118  0.007377
C  -0.879397  -1.044270  -0.139160
C  0.492299  -1.127211  -0.314437
C  1.288698  0.027261  -0.347237
C  0.666723  1.271628  -0.202460
C  -2.954540  0.309019  0.190693
H  -1.502488  -1.931511  -0.116345
H  0.963081  -2.098865  -0.433423
C  2.787988  -0.075458  -0.499671
H  1.268662  2.174997  -0.232994
C  3.507708  -0.236826  0.851769
H  3.031925  -0.928869  -1.142441
H  3.166404  0.819329  -1.006242
H  4.590123  -0.310376  0.708958
H  3.306998  0.616799  1.506653
H  3.170352  -1.139731  1.370155
O  -3.716336  -0.629956  0.230697
H  -3.328195  1.353536  0.294673

19
62-O-VinMe
C  -2.281054  -0.572218  -0.066690
H  -3.353155  -0.727177  -0.128171
C  -1.415815  -1.657950  0.033616
C  -0.047198  -1.438376  0.117942
C  0.490889  -0.143499  0.095164
C  -0.389474  0.957983  0.004923
C  -1.762476  0.718938  -0.077621
H  -1.804916  -2.670459  0.057285
H  0.624389  -2.283139  0.227944
C  1.945883  0.067107  0.174806
C  0.122275  2.379207  -0.024158
H  -2.437507  1.566377  -0.154261
H  -0.702265  3.083827  -0.158199
H  0.635910  2.648703  0.906715
H  0.836150  2.539302  -0.839207
C  2.892529  -0.790821  -0.212743
H  2.264356  1.023676  0.581920
H  3.944664  -0.554688  -0.099110
H  2.659009  -1.748652  -0.666344

19
63-M-VinMe
C  -0.948401  1.851788  0.000029
H  -1.314744  2.873358  0.000052
C  0.421744  1.607129  0.000000
C  0.914831  0.296845  -0.000028
C  -0.013042  -0.757781  -0.000036
C  -1.385620  -0.531182  -0.000007
C  -1.846752  0.792584  0.000026
H  1.121187  2.437748  0.000002
C  2.368691  0.086099  -0.000050
H  0.344541  -1.782671  -0.000075
C  -2.365363  -1.679834  -0.000008
H  -2.915317  0.987447  0.000045
H  -3.016957  -1.647680  -0.880571
H  -1.850710  -2.644184  -0.000024
H  -3.016936  -1.647700  0.880572
C  3.029518  -1.073604  0.000064
H  2.951918  1.005802  -0.000165
H  4.113246  -1.097701  0.000031
H  2.530135  -2.036680  0.000198

19
64-P-VinMe
C  -0.960160  -1.175335  0.000000
H  -1.841894  -1.810355  0.000000
C  0.310626  -1.767289  0.000000
C  1.419732  -0.921796  0.000000
C  1.267400  0.461349  0.000000
C  0.000000  1.056256  0.000000
C  -1.115138  0.201402  0.000000
C  0.461872  -3.267787  0.000000
H  2.417989  -1.349730  0.000000
H  2.148626  1.096562  0.000000
C  -0.103410  2.520382  0.000000
H  -2.115914  0.619907  0.000000
C  -1.212366  3.263590  0.000000
H  0.856321  3.035290  0.000000
H  -1.158353  4.346196  0.000000
H  -2.208887  2.834668  0.000000
H  1.514448  -3.562782  0.000000
H  -0.011838  -3.717192  0.880390
H  -0.011838  -3.717192  -0.880390

22
65-O-VinEt
C  -1.197922  1.316281  0.040285
H  -1.194276  2.400747  0.065719
C  -2.393151  0.631248  0.211584
C  -2.405619  -0.758609  0.132055
C  -1.220017  -1.439653  -0.122210
C  -0.006390  -0.768490  -0.293043
C  0.009054  0.642152  -0.200191
H  -3.311593  1.179938  0.392045
H  -3.332984  -1.308439  0.254215
H  -1.230459  -2.523770  -0.191853
C  1.252884  -1.578405  -0.522751
C  1.259653  1.403016  -0.367078
H  1.844281  -1.148003  -1.339550
C  2.136000  -1.699551  0.731806
H  0.966010  -2.581285  -0.857035
H  3.025133  -2.303957  0.525422
H  2.465352  -0.715953  1.079063
H  1.584137  -2.173205  1.549797
C  1.537763  2.592188  0.172398
H  2.022294  0.936914  -0.986371
H  2.480397  3.090877  -0.023637
H  0.848176  3.105074  0.835055

22
66-M-VinEt
C  -1.212970  1.568566  0.186265
C  0.029709  2.186288  0.093575
C  1.167137  1.430212  -0.165313
C  1.075660  0.042793  -0.334247
C  -0.176966  -0.558532  -0.240792
C  -1.339645  0.182979  0.020117
C  2.317052  -0.786662  -0.577710
C  3.018071  -1.203164  0.727114
C  -2.673877  -0.423856  0.121415
C  -3.000543  -1.712050  -0.002392
H  0.109614  3.261355  0.218666
H  2.135637  1.915950  -0.243081
H  -0.248858  -1.633196  -0.379202
H  -2.100311  2.162017  0.385410
H  -3.472897  0.288133  0.323030
H  -4.029817  -2.038033  0.094395
H  -2.270089  -2.488756  -0.202619
H  2.051377  -1.684221  -1.147583
H  3.019895  -0.219087  -1.198747
H  3.913339  -1.797691  0.518901
H  3.320104  -0.325195  1.306972
H  2.350233  -1.800730  1.355667

22
67-P-VinEt
C  0.516408  -1.118701  -0.316585
H  0.974223  -2.097242  -0.434048
C  1.326817  0.023264  -0.345305
C  0.704288  1.264702  -0.200990
C  -0.672131  1.360741  -0.030986
C  -1.485489  0.219901  0.000530
C  -0.856978  -1.026722  -0.147408
C  2.826541  -0.089637  -0.490980
H  1.304817  2.169861  -0.226110
H  -1.132017  2.339224  0.075091
C  -2.933863  0.379866  0.178807
H  -1.449607  -1.935229  -0.135428
C  -3.863400  -0.576761  0.233366
H  -3.259690  1.414559  0.276076
H  -4.910045  -0.330159  0.370230
H  -3.628091  -1.632189  0.145641
C  3.544924  -0.253461  0.860361
H  3.068659  -0.944699  -1.132969
H  3.212854  0.801690  -0.998658
H  4.627780  -0.334057  0.721121
H  3.347876  0.602212  1.513975
H  3.200534  -1.153127  1.380221

21
68-O-MeEt
C  -1.607673  1.015309  0.197187
H  -2.052914  1.991144  0.369296
C  -2.408344  -0.121925  0.247625
C  -1.839235  -1.370163  0.020291
C  -0.477780  -1.460409  -0.252602
C  0.338371  -0.327089  -0.300720
C  -0.238994  0.937446  -0.073775
H  -3.468565  -0.030495  0.459551
H  -2.448930  -2.267249  0.049906
H  -0.031705  -2.434177  -0.436936
C  1.819735  -0.495747  -0.565956
C  0.581487  2.205454  -0.131610
H  2.207597  0.359740  -1.128822
C  2.644331  -0.670465  0.722756
H  1.969664  -1.375229  -1.202386
H  3.707893  -0.792913  0.493786
H  2.538931  0.194037  1.385706
H  2.311749  -1.552561  1.278825
H  -0.033679  3.076327  0.108888
H  1.420921  2.188315  0.571789
H  1.007649  2.368594  -1.128772

21
69-M-MeEt
C  -0.793495  1.863734  0.127757
H  -1.014496  2.916622  0.272403
C  0.512589  1.459032  -0.134058
C  0.808993  0.108700  -0.333673
C  -0.235734  -0.817507  -0.265925
C  -1.551424  -0.432582  -0.001037
C  -1.818683  0.925915  0.193490
H  1.307534  2.197076  -0.192652
C  2.229331  -0.346156  -0.584945
H  -0.017423  -1.870304  -0.430539
C  -2.656438  -1.457256  0.089239
H  -2.836669  1.249157  0.391057
H  -3.585262  -1.084720  -0.353961
H  -2.384665  -2.384934  -0.422189
H  -2.878078  -1.712380  1.133006
C  2.985894  -0.676370  0.713721
H  2.221897  -1.230991  -1.231976
H  2.772842  0.434556  -1.129534
H  4.009335  -1.001400  0.500422
H  3.036007  0.198328  1.369957
H  2.482780  -1.476063  1.266596

21
70-P-MeEt
C  0.231118  1.196026  -0.239030
H  0.759582  2.142150  -0.320590
C  0.945905  0.000116  -0.346910
C  0.231212  -1.195871  -0.239197
C  -1.144198  -1.196196  -0.029431
C  -1.858664  -0.000030  0.076772
C  -1.144296  1.196209  -0.029268
C  2.446365  0.000180  -0.532194
H  0.759753  -2.141939  -0.320895
H  -1.673035  -2.142040  0.049854
C  -3.355475  -0.000112  0.269754
H  -1.673211  2.141997  0.050152
H  -3.688096  0.885774  0.818933
H  -3.882787  -0.001149  -0.692537
H  -3.687791  -0.885056  0.820643
C  3.212307  -0.000229  0.802465
H  2.743056  -0.878066  -1.117399
H  2.743044  0.878786  -1.116861
H  4.294266  -0.000179  0.635044
H  2.959786  0.882746  1.398219
H  2.959788  -0.883571  1.397677

15
71-1,2,3-TOH
C  1.170730  -1.425683  0.000000
H  2.103804  -1.981058  0.000000
C  -0.056950  -2.086552  0.000000
C  -1.252361  -1.374900  0.000000
C  -1.224726  0.018457  0.000000
C  0.000000  0.688489  0.000000
C  1.191125  -0.034016  0.000000
H  -0.078831  -3.170468  0.000000
H  -2.212551  -1.876355  0.000000
O  -2.385572  0.726168  0.000000
O  -0.024245  2.059041  0.000000
O  2.332739  0.730218  0.000000
H  -2.154964  1.663958  0.000000
H  0.888658  2.370413  0.000000
H  3.103602  0.155321  0.000000

15
72-1,2,4-TOH
C  -1.223657  0.346092  0.000000
C  0.000000  1.032803  0.000000
C  1.204605  0.345810  0.000000
C  1.202999  -1.051420  0.000000
C  -0.004657  -1.742901  0.000000
C  -1.210896  -1.039938  0.000000
O  -0.097651  2.401643  0.000000
O  2.421550  -1.673770  0.000000
O  -2.406333  1.027575  0.000000
H  2.152034  0.875441  0.000000
H  -0.011846  -2.828892  0.000000
H  -2.158651  -1.566003  0.000000
H  -2.195933  1.969152  0.000000
H  0.782236  2.789814  0.000000
H  2.281267  -2.625781  0.000000

15
73-1,3,5-TOH
C  -1.010788  -0.948552  0.000000
C  0.317609  -1.365470  0.000000
C  1.326864  -0.401101  0.000000
C  1.023723  0.957782  0.000000
C  -0.316073  1.349645  0.000000
C  -1.341326  0.407676  0.000000
O  2.611188  -0.854941  0.000001
O  -0.565188  2.688821  0.000000
O  -2.046003  -1.833865  -0.000001
H  1.800098  1.715014  0.000000
H  -2.385298  0.701411  0.000001
H  0.585208  -2.416443  0.000000
H  -1.690697  -2.728621  0.000003
H  3.208379  -0.099829  -0.000002
H  -1.517728  2.828453  0.000002

24
74-1,2,3-TMeO
C  -1.213834  -1.656302  0.147281
H  -2.142479  -2.202946  0.239071
C  -0.000107  -2.326866  0.254265
C  1.213667  -1.656384  0.147285
C  1.214176  -0.275730  -0.076242
C  -0.000015  0.416475  -0.200128
C  -1.214252  -0.275645  -0.076240
H  -0.000143  -3.397915  0.427061
H  2.142275  -2.203091  0.239076
O  2.332159  0.490689  -0.187722
O  0.000018  1.753557  -0.492868
O  -2.332183  0.490848  -0.187706
C  3.588875  -0.151417  -0.105021
C  0.000331  2.609225  0.644221
C  -3.588941  -0.151170  -0.104977
H  4.337685  0.632168  -0.232787
H  3.736548  -0.635209  0.869450
H  3.713925  -0.901383  -0.896600
H  0.000303  3.633022  0.263070
H  -0.895386  2.452606  1.257774
H  0.896307  2.452500  1.257366
H  -4.337700  0.632467  -0.232720
H  -3.714064  -0.901124  -0.896556
H  -3.736622  -0.634957  0.869495

24
75-1,2,4-TMeO
C  1.113337  -0.602980  0.000000
C  0.683122  0.748517  -0.000001
C  -0.671186  1.039184  -0.000002
C  -1.625290  0.009049  -0.000002
C  -1.213213  -1.314406  -0.000001
C  0.159977  -1.606764  0.000000
O  1.673213  1.677174  -0.000001
C  1.302451  3.040801  0.000002
O  -2.925406  0.428420  -0.000004
C  -3.933538  -0.559930  0.000004
O  2.463424  -0.791263  0.000002
C  2.937499  -2.119690  0.000000
H  -1.031227  2.058791  -0.000003
H  -1.923955  -2.129371  -0.000001
H  0.467452  -2.644507  0.000001
H  4.027062  -2.054633  -0.000002
H  2.609951  -2.670094  0.892753
H  2.609948  -2.670093  -0.892754
H  2.234784  3.607883  0.000005
H  0.719706  3.302898  -0.892801
H  0.719703  3.302893  0.892806
H  -4.885795  -0.026317  0.000006
H  -3.878219  -1.197401  -0.892646
H  -3.878211  -1.197395  0.892658

24
76-1,3,5-TMeO
C  -1.205384  0.719393  0.000003
C  -1.207115  -0.685243  -0.000009
C  -0.020268  -1.403651  -0.000013
C  1.197058  -0.702824  -0.000004
C  1.225784  0.684227  0.000007
C  0.010193  1.388047  0.000010
O  -2.443948  -1.253624  -0.000020
C  -2.529453  -2.665233  0.000022
O  2.307757  -1.489703  -0.000010
C  3.572899  -0.857745  0.000003
O  0.136256  2.743388  0.000024
C  -1.043664  3.522981  -0.000016
H  0.012704  -2.483401  -0.000028
H  2.144391  1.252658  0.000013
H  -2.156960  1.230708  0.000010
H  -0.719241  4.565034  -0.000029
H  -1.653555  3.334267  -0.892739
H  -1.653593  3.334304  0.892690
H  -3.594173  -2.905023  0.000048
H  -2.061265  -3.099290  -0.892689
H  -2.061229  -3.099238  0.892738
H  4.313069  -1.659789  -0.000001
H  3.714520  -0.235212  -0.892708
H  3.714510  -0.235229  0.892727

18
77-1,2,3-TFor
C  -1.372462  1.537948  -0.044131
H  -2.408869  1.853937  -0.083473
C  -0.334190  2.455839  -0.078144
C  0.978627  1.999389  -0.016084
C  1.258178  0.633738  0.065089
C  0.203143  -0.306323  0.104373
C  -1.121874  0.161796  0.051586
H  -0.542322  3.517350  -0.152428
H  1.804668  2.703884  -0.049742
C  2.685332  0.235466  0.032413
C  0.487533  -1.775131  0.222215
C  -2.325712  -0.728235  0.153347
O  3.099331  -0.890340  -0.120543
H  3.388226  1.089166  0.148160
O  -0.179798  -2.619906  -0.328115
H  1.333192  -2.043577  0.875837
O  -3.441981  -0.319736  -0.069871
H  -2.146761  -1.767832  0.465886

18
78-1,2,4-TFor
C  0.000000  0.891091  0.000000
C  -0.244283  2.371900  0.000000
C  -1.126184  0.066277  0.000000
C  -1.011084  -1.321821  0.000000
C  0.256874  -1.913587  0.000000
C  1.383828  -1.108212  0.000000
C  1.280457  0.290946  0.000000
H  -2.100974  0.544623  0.000000
C  -2.231354  -2.170900  0.000000
H  0.328617  -2.995310  0.000000
H  2.371428  -1.559865  0.000000
C  2.573713  1.030298  0.000000
O  2.728095  2.228144  0.000000
H  3.453750  0.350288  0.000000
O  -1.365152  2.829405  0.000000
H  0.648401  3.012643  0.000000
O  -2.213663  -3.378062  0.000000
H  -3.187257  -1.604229  0.000000

18
79-1,3,5-TFor
C  -1.206675  -0.696697  0.000000
H  -2.133490  -1.263182  0.000000
C  -1.215445  0.693704  0.000000
C  0.000000  1.393344  0.000000
C  1.208506  0.705735  0.000000
C  1.206702  -0.696693  0.000000
C  0.006960  -1.399480  0.000000
C  -2.501402  1.436224  0.000000
H  -0.027170  2.479230  0.000000
C  2.494500  1.448189  0.000000
H  2.160692  -1.216110  0.000000
C  0.006879  -2.884411  0.000000
O  -0.993442  -3.560535  0.000000
H  1.018473  -3.345013  0.000000
O  -2.586807  2.640588  0.000000
H  -3.406078  0.790440  0.000000
O  3.580235  0.920021  0.000000
H  2.387528  2.554552  0.000000

24
80-1,2,3-TVin
C  0.984193  -1.777969  0.040558
H  1.868042  -2.399073  0.132415
C  -0.259230  -2.366137  -0.135308
C  -1.395488  -1.569983  -0.198647
C  -1.304036  -0.179668  -0.082126
C  -0.032815  0.427048  0.075920
C  1.124583  -0.386322  0.141109
H  -0.344362  -3.444564  -0.218727
H  -2.367126  -2.021657  -0.365059
C  -2.523178  0.645758  -0.179011
C  0.029147  1.897886  0.199557
C  2.463455  0.182383  0.381313
C  -3.736470  0.294163  0.251450
H  -2.402965  1.619545  -0.646975
H  -4.591482  0.948061  0.120199
H  -3.919848  -0.648108  0.758138
C  0.909600  2.716465  -0.380725
H  -0.754090  2.342724  0.810062
H  0.858978  3.789359  -0.227605
H  1.695828  2.353702  -1.033307
C  3.614893  -0.314661  -0.075416
H  2.489830  1.084111  0.987001
H  4.564188  0.142865  0.180231
H  3.655078  -1.180735  -0.728416

24
81-1,2,4-TVin
C  -1.118154  -0.608649  -0.072976
C  -2.549123  -0.938397  -0.161868
C  -0.680996  0.728719  0.071635
C  0.693314  0.987111  0.127664
C  1.658993  -0.018115  0.030323
C  1.206705  -1.339236  -0.123627
C  -0.146333  -1.617665  -0.174490
C  -1.645974  1.835303  0.208078
H  1.021459  2.010134  0.283597
C  3.078177  0.347894  0.099573
H  1.918880  -2.152527  -0.208579
H  -0.471522  -2.640970  -0.328332
C  -3.113564  -2.093766  0.199033
H  -3.191257  -0.158874  -0.563609
H  -4.177994  -2.260366  0.077583
H  -2.543943  -2.906818  0.637545
C  -1.459314  3.089614  -0.207741
H  -2.585537  1.589858  0.696554
H  -2.212098  3.853303  -0.047095
H  -0.560058  3.398061  -0.731462
C  4.135124  -0.462417  0.005969
H  3.259756  1.412046  0.242170
H  5.144369  -0.072521  0.071463
H  4.044812  -1.533696  -0.139278

24
82-1,3,5-TVin
C  -0.782645  1.144974  -0.000203
C  -1.407984  -0.101987  -0.000362
C  -0.600310  -1.250381  -0.000441
C  0.792240  -1.168407  -0.000214
C  1.382976  0.105248  0.000020
C  0.615723  1.270256  0.000010
C  -2.877122  -0.157642  -0.000480
C  -3.654049  -1.242378  0.000930
C  1.575142  -2.412820  -0.000293
C  2.903049  -2.542975  0.000375
C  1.302017  2.570440  0.000184
C  0.750948  3.785588  0.000206
H  -1.061846  -2.232474  -0.000804
H  2.464271  0.196496  0.000111
H  -1.402337  2.035766  -0.000214
H  2.388635  2.501155  0.000305
H  1.367580  4.677043  0.000337
H  -0.321784  3.946926  0.000097
H  0.971929  -3.319282  -0.000940
H  3.366926  -3.522639  0.000242
H  3.578958  -1.694491  0.001105
H  -3.360355  0.818075  -0.001774
H  -4.734376  -1.153969  0.000669
H  -3.257520  -2.252103  0.002470

21
83-1,2,3-TMe
C  1.211236  0.082781  0.000000
C  0.013831  -0.659202  -0.000001
C  -1.221994  0.013516  0.000000
C  -1.239043  1.411207  0.000000
C  -0.059506  2.144110  0.000000
C  1.159537  1.477200  0.000000
C  0.088387  -2.169166  0.000000
C  -2.537908  -0.732830  0.000000
C  2.550135  -0.614788  0.000001
H  0.629264  -2.542870  0.877971
H  0.629281  -2.542870  -0.877961
H  -0.896656  -2.635406  -0.000010
H  -2.194832  1.926716  0.000000
H  -0.089963  3.228809  0.000000
H  2.087320  2.041667  0.000000
H  -3.376486  -0.031889  0.000002
H  -2.647250  -1.376039  -0.880670
H  -2.647248  -1.376041  0.880670
H  3.368403  0.109545  0.000007
H  2.675055  -1.259301  0.878529
H  2.675061  -1.259291  -0.878534

21
84-1,2,4-TMe
C  0.698816  0.754019  -0.000542
C  1.699720  1.883311  -0.001086
C  -0.667362  1.030125  -0.006139
C  -1.636916  0.022530  -0.007199
C  -1.198739  -1.299934  -0.007244
C  0.162522  -1.594101  -0.001533
C  1.127358  -0.588168  0.002489
H  -0.988816  2.069162  -0.011284
C  -3.106631  0.365700  0.008786
H  -1.924060  -2.108357  -0.012719
H  0.483312  -2.632152  -0.003271
C  2.595315  -0.935760  0.005804
H  3.109114  -0.526790  0.884343
H  2.742235  -2.018854  0.009036
H  3.112133  -0.531711  -0.873282
H  2.357536  1.842624  -0.877730
H  1.198350  2.854436  -0.005286
H  2.352259  1.847628  0.879719
H  -3.720850  -0.500986  -0.250787
H  -3.426622  0.710132  0.999946
H  -3.339090  1.168543  -0.698696

21
85-1,3,5-TMe
C  -1.401270  -0.121423  -0.000006
C  -0.798143  1.132491  0.000016
C  0.595472  1.274261  0.000008
C  1.379819  0.124960  -0.000016
C  0.805813  -1.152828  -0.000035
C  -0.581686  -1.257427  -0.000040
C  1.221872  2.648041  0.000001
C  1.682338  -2.382197  0.000028
C  -2.904199  -0.265868  0.000013
H  -1.422145  2.022890  0.000024
H  2.462931  0.220158  -0.000033
H  -1.040840  -2.243006  -0.000079
H  -3.398965  0.708983  -0.000227
H  -3.252371  -0.818352  -0.880256
H  -3.252385  -0.817910  0.880556
H  2.313495  2.589056  0.000255
H  0.917879  3.225585  -0.880547
H  0.917475  3.225778  0.880282
H  1.085422  -3.298065  -0.000967
H  2.335466  -2.407107  -0.879818
H  2.333938  -2.408072  0.880989

30
86-1,2,3-TEt
C  -1.217178  0.433732  -0.210850
C  -2.568750  -0.244604  -0.080212
C  -1.197626  1.817899  -0.401241
C  0.000055  2.513684  -0.496056
C  1.197705  1.817846  -0.401243
C  1.217189  0.433678  -0.210853
C  -0.000011  -0.271834  -0.113121
H  -2.140688  2.351681  -0.480295
H  0.000077  3.587652  -0.651702
H  2.140789  2.351581  -0.480295
C  2.568733  -0.244712  -0.080220
C  -0.000044  -1.782364  0.053672
H  2.546361  -1.253269  -0.502765
C  3.066999  -0.310652  1.375085
H  3.298738  0.314901  -0.675791
H  4.051742  -0.785938  1.431854
H  3.148435  0.693969  1.801739
H  2.378896  -0.880106  2.007972
H  -0.869903  -2.096351  0.636811
H  0.869817  -2.096394  0.636792
C  -0.000072  -2.535427  -1.290190
H  -0.000118  -3.619056  -1.132907
H  -0.881092  -2.279173  -1.886879
H  0.880972  -2.279248  -1.886868
H  -2.546429  -1.253137  -0.502817
H  -3.298753  0.315076  -0.675733
C  -3.066978  -0.310609  1.375103
H  -4.051725  -0.785877  1.431873
H  -2.378864  -0.880112  2.007944
H  -3.148385  0.693992  1.801812

30
87-1,3,5-TEt
C  -0.623149  -1.217251  -0.361543
C  -1.265284  0.003368  -0.579508
C  -0.616024  1.220430  -0.361671
C  0.709066  1.197218  0.078527
C  1.384523  -0.004296  0.301829
C  0.702049  -1.201993  0.078613
C  -1.342346  2.531812  -0.561951
C  -2.059655  3.014579  0.711024
C  2.835447  -0.008549  0.729844
C  3.807606  -0.009433  -0.462885
C  -1.357255  -2.524654  -0.561830
C  -2.078584  -3.002147  0.710740
H  1.228997  2.137763  0.247142
H  1.216376  -2.145536  0.247327
H  -2.294527  0.006329  -0.931691
H  -2.089311  -2.413058  -1.370091
H  -0.649559  -3.296639  -0.885602
H  -2.599901  -3.948806  0.535478
H  -1.368008  -3.151062  1.529982
H  -2.815557  -2.263781  1.042474
H  -0.630594  3.299610  -0.886761
H  -2.075997  2.424295  -1.369316
H  -2.575291  3.964282  0.535349
H  -2.800728  2.280911  1.043894
H  -1.347435  3.159835  1.529501
H  3.034913  0.868757  1.356110
H  3.030302  -0.888556  1.353775
H  4.848041  -0.012440  -0.122079
H  3.652687  -0.891414  -1.092446
H  3.657230  0.875007  -1.090179

16
88-1,2-OH-3-For
C  0.000000  0.563248  0.000000
C  0.794585  -0.598668  0.000000
C  0.178942  -1.865393  0.000000
C  -1.198659  -1.963380  0.000000
C  -1.986717  -0.802863  0.000000
C  -1.402054  0.454018  0.000000
C  2.239664  -0.461117  0.000000
O  2.831878  0.615082  0.000000
O  -2.165483  1.574380  0.000000
O  0.514007  1.806333  0.000000
H  0.802986  -2.753390  0.000000
H  -1.681157  -2.933733  0.000000
H  -3.069412  -0.864754  0.000000
H  -1.564593  2.331982  0.000000
H  1.497067  1.704181  0.000000
H  2.817334  -1.405715  0.000000

16
89-1,2-OH-4-For
C  0.000000  0.982597  0.000000
H  -0.008705  2.068754  0.000000
C  1.239447  0.321420  0.000000
C  1.279203  -1.073860  0.000000
C  0.102426  -1.814765  0.000000
C  -1.124629  -1.160046  0.000000
C  -1.167466  0.250677  0.000000
C  2.485998  1.101805  0.000000
H  2.239016  -1.581306  0.000000
H  0.110402  -2.898399  0.000000
O  -2.273173  -1.871465  0.000000
O  -2.430639  0.782169  0.000000
H  -3.009019  -1.244576  0.000000
H  -2.381533  1.743123  0.000000
O  2.547425  2.312210  0.000000
H  3.411059  0.482130  0.000000

18
90-1,2-OH-3-MeO
C  0.653581  -0.446422  0.000000
O  2.020766  -0.342011  0.000000
C  -0.083261  -1.628501  0.000000
C  -1.477872  -1.553519  0.000000
C  -2.134943  -0.329323  0.000000
C  -1.391940  0.850609  0.000000
C  0.000000  0.788971  0.000000
H  0.410961  -2.590804  0.000000
H  -2.056614  -2.470400  0.000000
H  -3.216214  -0.263797  0.000000
O  -2.021129  2.056699  0.000000
O  0.692178  1.971074  0.000000
H  -1.338771  2.739998  0.000000
H  1.632043  1.750961  0.000000
C  2.777908  -1.537529  0.000000
H  3.826750  -1.237020  0.000000
H  2.573246  -2.140377  0.893415
H  2.573246  -2.140377  -0.893415

18
91-1,2-OH-4-MeO
C  0.000000  1.153172  0.000000
H  0.147874  2.228530  0.000000
C  1.124000  0.316477  0.000000
C  0.953307  -1.065781  0.000000
C  -0.337996  -1.604306  0.000000
C  -1.454633  -0.786697  0.000000
C  -1.270691  0.605719  0.000000
O  2.329092  0.958714  0.000000
H  1.802658  -1.735097  0.000000
H  -0.484600  -2.678444  0.000000
O  -2.709334  -1.322554  0.000000
O  -2.425181  1.347590  0.000000
H  -3.335931  -0.588750  0.000000
H  -2.208486  2.284566  0.000000
C  3.497557  0.165062  0.000000
H  4.338921  0.860308  0.000000
H  3.556841  -0.471494  0.892803
H  3.556841  -0.471494  -0.892803

17
92-1,2-OH-3-Me
C  -1.182424  0.132155  -0.000001
C  -2.547943  -0.510449  -0.000006
C  -1.020797  1.521895  0.000002
C  0.246916  2.093173  0.000003
C  1.383338  1.287526  -0.000001
C  1.245044  -0.094885  -0.000001
C  -0.036176  -0.662426  0.000000
H  -1.903415  2.153184  0.000002
H  0.355032  3.172170  0.000005
H  2.381701  1.709556  -0.000002
O  2.347726  -0.891905  -0.000002
O  -0.058253  -2.038785  0.000008
H  2.041922  -1.807686  -0.000016
H  -0.967300  -2.350829  0.000001
H  -2.709137  -1.140687  0.885329
H  -3.333211  0.248605  -0.000018
H  -2.709127  -1.140721  -0.885314

17
93-1,2-OH-4-Me
C  -1.175872  0.313912  0.000000
H  -2.128934  0.839355  0.000000
C  -1.150110  -1.087771  0.000000
C  0.091330  -1.720085  0.000000
C  1.279066  -0.986992  0.000000
C  1.245121  0.399191  0.000000
C  0.000000  1.046921  0.000000
C  -2.438022  -1.874750  0.000000
H  0.138999  -2.804304  0.000000
H  2.244031  -1.481306  0.000000
O  2.399921  1.119827  0.000000
O  0.057123  2.419815  0.000000
H  2.157483  2.054201  0.000000
H  -0.834346  2.780527  0.000000
H  -2.242052  -2.950149  0.000000
H  -3.050303  -1.649004  0.881037
H  -3.050303  -1.649004  -0.881037

17
94-1,2-OH-6-Me
C  1.335866  1.310002  0.000002
H  2.321771  1.767194  0.000005
C  0.183333  2.094538  -0.000001
C  -1.068595  1.489331  -0.000004
C  -1.205239  0.097678  -0.000003
C  -0.045502  -0.679573  -0.000002
C  1.216579  -0.072834  0.000001
C  -2.550442  -0.579598  0.000006
O  -0.152050  -2.038907  -0.000006
O  2.280840  -0.943917  0.000003
H  0.743861  -2.398542  -0.000003
H  3.104165  -0.447261  0.000004
H  0.268547  3.175319  -0.000001
H  -1.964693  2.101627  -0.000007
H  -2.671118  -1.224805  0.877163
H  -3.357774  0.156698  -0.000049
H  -2.671080  -1.224902  -0.877084

17
95-1,3-OH-2-Me
C  1.205295  1.413882  -0.001041
H  2.150798  1.948678  0.001637
C  -0.000161  2.104772  -0.003018
C  -1.205510  1.413699  -0.001042
C  -1.195262  0.016917  0.001790
C  0.000046  -0.712157  -0.003247
C  1.195243  0.017103  0.001791
H  -0.000244  3.189472  -0.004596
H  -2.151091  1.948357  0.001636
O  -2.355502  -0.705196  0.009207
C  0.000216  -2.218626  -0.009982
O  2.355564  -0.704874  0.009204
H  0.890098  -2.601911  -0.512867
H  0.001017  -2.625693  1.008836
H  -0.890266  -2.602124  -0.511620
H  -3.099077  -0.095082  -0.020918
H  3.099073  -0.094677  -0.020900

18
96-1,3-OH-5-MeO
C  1.748652  0.434435  0.000003
C  1.444735  -0.929499  0.000002
C  0.126912  -1.368354  -0.000003
C  -0.909268  -0.426331  -0.000007
C  -0.632171  0.938812  -0.000006
C  0.704370  1.351534  -0.000001
O  2.498394  -1.793884  0.000006
O  -2.164760  -0.947832  -0.000015
C  -3.261202  -0.053338  0.000016
O  0.923953  2.696898  -0.000001
H  -0.122785  -2.423796  -0.000007
H  -1.405643  1.692817  -0.000012
H  2.786427  0.749587  0.000008
H  1.873213  2.857215  0.000005
H  2.160441  -2.695336  0.000006
H  -4.158584  -0.674293  0.000020
H  -3.262954  0.584381  0.892978
H  -3.262984  0.584408  -0.892928

16
97-1,3-OH-5-For
C  0.262022  -1.703875  0.000000
C  1.398132  -0.898731  0.000000
C  1.272168  0.492499  0.000000
C  0.000000  1.058537  0.000000
C  -1.149088  0.261205  0.000000
C  -1.010394  -1.121414  0.000000
O  2.656479  -1.414470  0.000000
C  -0.131959  2.534274  0.000000
O  -1.183465  3.130959  0.000000
O  -2.071327  -1.972296  0.000000
H  2.162785  1.110903  0.000000
H  -2.122031  0.741670  0.000000
H  0.340217  -2.786769  0.000000
H  -2.885627  -1.457913  0.000000
H  2.608075  -2.376204  0.000000
H  0.837799  3.079799  0.000000

20
98-1,3-OH-5-Et
C  -1.106284  1.210618  0.012475
C  0.265976  1.193776  -0.230908
C  0.942672  -0.023970  -0.353034
C  0.233623  -1.216882  -0.233108
C  -1.140964  -1.191086  0.011049
C  -1.819165  0.018622  0.135455
C  2.439452  -0.043777  -0.572963
C  3.231967  -0.033203  0.745899
O  -1.779146  -2.391195  0.116125
O  -1.814003  2.370070  0.136417
H  0.729339  -2.176278  -0.329435
H  -2.887947  0.056055  0.320456
H  0.809515  2.130305  -0.330043
H  -1.211283  3.113455  0.031709
H  -2.715173  -2.235011  0.278480
H  2.710714  -0.934819  -1.149988
H  2.732329  0.822650  -1.177309
H  4.309844  -0.048103  0.554771
H  3.002487  0.861309  1.333688
H  2.981696  -0.905152  1.358151

19
99-1-OH-2-MeO-3-For
C  -0.936667  -0.237658  -0.079688
C  -2.165266  0.572841  -0.242838
C  -1.038608  -1.614129  0.167315
C  0.106373  -2.389289  0.274074
C  1.369444  -1.815729  0.122209
C  1.486421  -0.450473  -0.120737
C  0.331611  0.340221  -0.204037
H  -2.029732  -2.041639  0.260184
H  0.026122  -3.454009  0.464148
H  2.272738  -2.411944  0.185442
O  2.710388  0.112722  -0.278556
O  0.518952  1.686607  -0.455947
H  2.557045  1.021849  -0.573250
C  0.521965  2.514010  0.714416
H  0.722968  3.531311  0.373394
H  -0.450020  2.483451  1.219587
H  1.300954  2.198679  1.418829
O  -3.286254  0.141483  -0.089529
H  -1.996405  1.627041  -0.540356

19
100-1-OH-2-MeO-4-For
H  2.141317  1.147513  0.000000
C  1.250999  0.530015  0.000000
C  0.000000  1.112665  0.000000
O  -0.134024  2.461847  0.000000
H  -1.080207  2.657437  0.000000
C  -1.152886  0.292018  0.000000
O  -2.320891  0.993194  0.000000
C  -3.543903  0.275267  0.000000
H  -3.635276  -0.352460  0.894301
H  -3.635276  -0.352460  -0.894301
H  -4.336806  1.024076  0.000000
C  1.373693  -0.868337  0.000000
C  2.707697  -1.495770  0.000000
C  0.234116  -1.670203  0.000000
H  0.336182  -2.750943  0.000000
C  -1.035282  -1.093396  0.000000
H  -1.917401  -1.720643  0.000000
O  3.759577  -0.897087  0.000000
H  2.683568  -2.609709  0.000000

19
101-1-OH-2-MeO-5-For
H  2.141317  1.147513  0.000000
C  1.250999  0.530015  0.000000
C  0.000000  1.112665  0.000000
O  -0.134024  2.461847  0.000000
H  -1.080207  2.657437  0.000000
C  -1.152886  0.292018  0.000000
O  -2.320891  0.993194  0.000000
C  -3.543903  0.275267  0.000000
H  -3.635276  -0.352460  0.894301
H  -3.635276  -0.352460  -0.894301
H  -4.336806  1.024076  0.000000
C  1.373693  -0.868337  0.000000
C  2.707697  -1.495770  0.000000
C  0.234116  -1.670203  0.000000
H  0.336182  -2.750943  0.000000
C  -1.035282  -1.093396  0.000000
H  -1.917401  -1.720643  0.000000
O  3.759577  -0.897087  0.000000
H  2.683568  -2.609709  0.000000

19
102-1-OH-2-MeO-6-For
C  2.476131  1.039867  0.000000
C  1.293043  0.153976  0.000000
C  0.000000  0.684030  0.000000
O  -0.203768  2.022460  0.000000
H  -1.160692  2.162810  0.000000
C  -1.113288  -0.182552  0.000000
O  -2.314054  0.474835  0.000000
C  -3.501364  -0.297235  0.000000
H  -3.564901  -0.929578  0.894046
H  -3.564901  -0.929578  -0.894046
H  -4.329074  0.413195  0.000000
C  1.462935  -1.241992  0.000000
C  0.370592  -2.085104  0.000000
H  0.504458  -3.160787  0.000000
C  -0.929345  -1.555329  0.000000
H  -1.782431  -2.222385  0.000000
H  2.478048  -1.621028  0.000000
O  3.619495  0.636354  0.000000
H  2.253887  2.124196  0.000000

21
103-1-OH,2-MeO,4-Me
C  -0.949108  1.169355  -0.213258
C  0.354755  1.631464  0.003544
C  1.407126  0.728324  0.080767
C  1.146436  -0.638157  -0.061209
C  -0.153920  -1.093202  -0.276660
C  -1.219448  -0.190556  -0.353441
O  0.522141  2.976620  0.125742
C  2.259722  -1.609468  0.012886
O  3.419362  -1.318569  0.197129
C  -2.638476  -0.676485  -0.547254
C  -3.349881  -0.972166  0.784766
H  -0.334673  -2.158883  -0.389512
H  -1.748257  1.901377  -0.274039
H  2.431001  1.051267  0.244180
H  1.455886  3.166348  0.266454
H  1.948945  -2.670472  -0.116923
H  -3.209337  0.075035  -1.103768
H  -2.630743  -1.583318  -1.162398
H  -4.371720  -1.323387  0.611095
H  -2.816925  -1.742113  1.351512
H  -3.399425  -0.074907  1.409590

23
104-1-OH-2-MeO-4-Et
C  -1.364534  -0.184361  -0.342133
C  -0.285989  0.709699  -0.251005
C  1.003718  0.242465  -0.041253
C  1.248056  -1.137991  0.082357
C  0.187057  -2.024308  -0.009453
C  -1.107518  -1.547441  -0.220774
O  2.133743  1.013590  0.059331
C  1.998501  2.416903  -0.049874
O  2.513935  -1.592751  0.283166
H  0.389195  -3.085690  0.080852
H  -1.927227  -2.255539  -0.294520
H  -0.470380  1.773271  -0.350969
H  3.088856  -0.816820  0.311327
H  3.001529  2.832299  0.060481
H  1.592400  2.705469  -1.027607
H  1.350571  2.819483  0.738962
C  -2.771994  0.337020  -0.530077
C  -3.444966  0.745677  0.791943
H  -2.758974  1.199614  -1.207600
H  -3.380214  -0.431320  -1.020671
H  -4.459768  1.119000  0.619062
H  -3.506523  -0.105797  1.476996
H  -2.874884  1.533334  1.295335

21
105-1-OH-2-For-4-Et
C  -1.238153  0.874811  0.043001
C  -0.942445  -0.505559  -0.079997
C  0.387670  -0.918173  -0.271398
C  1.432654  -0.011952  -0.344150
C  1.109395  1.353465  -0.222151
C  -0.188084  1.797656  -0.033190
C  -2.014058  -1.481637  -0.012582
O  -3.198852  -1.204823  0.151853
C  2.867416  -0.456431  -0.516791
C  3.648840  -0.497770  0.807771
O  -2.486236  1.315986  0.223489
H  0.585957  -1.983614  -0.366704
H  1.908346  2.087825  -0.283757
H  -0.418221  2.853234  0.053495
H  -3.070083  0.521627  0.245943
H  -1.707806  -2.541342  -0.120379
H  2.886382  -1.449473  -0.979582
H  3.377913  0.218630  -1.214288
H  4.683538  -0.814272  0.642576
H  3.668584  0.487748  1.284186
H  3.186677  -1.196113  1.512687

21
106-1-OH-3-For-4-Et
C  2.199950  0.050551  0.086303
C  1.222797  1.039880  0.086249
C  -0.127506  0.722765  -0.096184
C  -0.534269  -0.617465  -0.297606
C  0.469812  -1.586239  -0.302879
C  1.813193  -1.274011  -0.112288
C  -1.055009  1.878035  -0.077717
O  -2.262263  1.845468  -0.159510
O  3.494043  0.431128  0.275705
C  -1.972980  -1.043625  -0.489450
H  0.193486  -2.624002  -0.464651
H  2.561038  -2.063033  -0.124565
H  1.523893  2.072706  0.230893
H  4.060759  -0.346841  0.251666
H  -0.528131  2.854143  0.024438
C  -2.743712  -1.187114  0.835199
H  -2.496891  -0.324971  -1.122338
H  -1.975338  -2.007531  -1.011470
H  -3.761642  -1.542478  0.646616
H  -2.252077  -1.902405  1.502773
H  -2.812990  -0.225017  1.347311

21
107-1-OH-3-For-5-Et
C  -0.949108  1.169355  -0.213258
C  0.354755  1.631464  0.003544
C  1.407126  0.728324  0.080767
C  1.146436  -0.638157  -0.061209
C  -0.153920  -1.093202  -0.276660
C  -1.219448  -0.190556  -0.353441
O  0.522141  2.976620  0.125742
C  2.259722  -1.609468  0.012886
O  3.419362  -1.318569  0.197129
C  -2.638476  -0.676485  -0.547254
C  -3.349881  -0.972166  0.784766
H  -0.334673  -2.158883  -0.389512
H  -1.748257  1.901377  -0.274039
H  2.431001  1.051267  0.244180
H  1.455886  3.166348  0.266454
H  1.948945  -2.670472  -0.116923
H  -3.209337  0.075035  -1.103768
H  -2.630743  -1.583318  -1.162398
H  -4.371720  -1.323387  0.611095
H  -2.816925  -1.742113  1.351512
H  -3.399425  -0.074907  1.409590

23
108-1-OH-2-Vin-3-Et
C  0.276660  0.345345  -0.044716
C  -0.917644  -0.364148  -0.297357
C  -0.892701  -1.756794  -0.357968
C  0.291478  -2.458897  -0.148846
C  1.467351  -1.778773  0.128726
C  1.464943  -0.384981  0.177156
O  2.648736  0.215750  0.470640
C  0.276001  1.820016  0.026686
C  1.188119  2.650908  -0.493388
H  -1.810020  -2.293794  -0.577990
H  0.296700  -3.542830  -0.200102
H  2.400120  -2.299398  0.311265
C  -2.234771  0.356798  -0.504086
H  -0.558699  2.267142  0.563231
H  1.100705  3.724719  -0.369037
H  2.021777  2.300732  -1.094688
H  2.485877  1.160128  0.600889
H  -2.070208  1.320744  -0.995779
H  -2.853894  -0.233374  -1.188550
C  -3.013604  0.570961  0.806763
H  -3.965610  1.076980  0.617168
H  -3.226674  -0.386878  1.291199
H  -2.444951  1.177215  1.519466

23
109-1-OH-3-Vin-4-Et
C  -1.140684  0.885779  -0.058005
C  -2.094819  -0.116413  0.078290
C  -1.701542  -1.453180  0.021509
C  -0.361015  -1.754366  -0.172857
C  0.619495  -0.767057  -0.309571
C  0.216960  0.584568  -0.240167
O  -3.421933  0.148089  0.251628
C  2.067215  -1.180984  -0.473545
C  2.894943  -1.044927  0.816617
C  1.197343  1.676751  -0.368090
C  1.092053  2.900501  0.155071
H  -0.061035  -2.797287  -0.222630
H  -1.455549  1.925910  -0.052899
H  -2.450233  -2.231123  0.115636
H  -3.551586  1.101964  0.266488
H  2.091889  1.445105  -0.940810
H  1.858922  3.649222  -0.008852
H  0.252467  3.197376  0.775469
H  2.547451  -0.602058  -1.271662
H  2.093932  -2.224296  -0.806720
H  3.927834  -1.370285  0.654900
H  2.914987  -0.007912  1.164595
H  2.466690  -1.655354  1.617937

23
110-1-OH-3-Vin-5-Et
C  0.078728  1.553858  0.000091
C  -1.130426  0.848039  0.000173
C  -1.128963  -0.541887  0.000223
C  0.101488  -1.211359  0.000181
C  1.316876  -0.523377  0.000077
C  1.291788  0.880852  0.000036
C  2.566437  -1.296139  0.000001
C  3.817410  -0.831151  -0.000369
O  -0.005911  2.915891  0.000044
C  -2.408161  -1.360484  0.000421
H  0.113348  -2.297984  0.000209
H  2.218486  1.447494  -0.000022
H  -2.051127  1.417831  0.000217
H  0.883521  3.284499  0.000024
H  2.421844  -2.375203  0.000262
H  4.664507  -1.507475  -0.000390
H  4.052857  0.227993  -0.000682
C  -3.720239  -0.574535  -0.000674
H  -2.388341  -2.028471  -0.870931
H  -2.388970  -2.027053  0.872882
H  -4.572505  -1.260229  -0.001114
H  -3.808609  0.064490  0.883765
H  -3.807348  0.064080  -0.885535

22
111-1-OH-2-Me-4-Et
C  0.656481  -1.415697  -0.213513
C  -0.703265  -1.631566  -0.004643
C  -1.578563  -0.552090  0.073155
C  -1.104911  0.761816  -0.059469
C  0.260335  0.941574  -0.267051
C  1.163865  -0.123964  -0.346733
O  -2.922929  -0.709867  0.273003
C  -2.065216  1.919376  0.018423
C  2.644039  0.123250  -0.534631
C  3.390880  0.339120  0.793126
H  -3.118997  -1.649522  0.344605
H  0.633849  1.957311  -0.375765
H  1.326554  -2.268295  -0.276766
H  -1.087426  -2.644315  0.092775
H  -1.541291  2.870204  -0.107598
H  -2.840094  1.847227  -0.752787
H  -2.588530  1.938644  0.980835
H  3.091777  -0.725327  -1.065163
H  2.790810  1.000882  -1.175494
H  4.457724  0.516775  0.621369
H  2.985551  1.200243  1.334241
H  3.291644  -0.535805  1.443739

22
112-1-OH-3-Me-5-Et
C  0.202697  -1.177684  -0.239463
C  0.965662  -0.009266  -0.353094
C  0.334764  1.225394  -0.226787
C  -1.038550  1.289532  0.013425
C  -1.786290  0.120066  0.126616
C  -1.169420  -1.128195  0.000056
C  2.460633  -0.086508  -0.571490
C  3.248619  -0.166880  0.747763
O  -1.597511  2.529724  0.124583
C  -1.986859  -2.392053  0.117987
H  -2.542052  2.432610  0.283469
H  -2.857315  0.180127  0.309835
H  0.689821  -2.143088  -0.344559
H  0.892117  2.151997  -0.315849
H  -1.364167  -3.281091  -0.009673
H  -2.474346  -2.462279  1.097150
H  -2.780249  -2.427181  -0.637347
H  2.793866  0.790315  -1.138034
H  2.694724  -0.964159  -1.184951
H  4.325398  -0.224061  0.558487
H  3.058050  0.712913  1.370387
H  2.956699  -1.050327  1.324346

22
113-1-OH-3-Et-4-Me
C  1.885518  0.976167  0.230991
C  0.697872  1.700698  0.191682
C  -0.531678  1.096914  -0.072974
C  -0.555617  -0.293222  -0.306747
C  0.635132  -1.017193  -0.272016
C  1.853728  -0.395910  -0.003349
C  -1.787162  1.936911  -0.116810
O  2.972709  -1.178201  0.012038
H  -1.561589  2.979845  0.121389
H  -2.544441  1.593446  0.596716
H  -2.256948  1.922232  -1.107861
C  -1.850352  -1.035423  -0.565158
H  0.632477  -2.086573  -0.458079
H  2.827898  1.476376  0.438683
H  0.731331  2.771619  0.370351
H  3.736403  -0.624810  0.204886
C  -2.525307  -1.526958  0.728503
H  -2.549374  -0.398995  -1.117570
H  -1.645349  -1.899018  -1.207496
H  -3.455974  -2.059006  0.506434
H  -1.865239  -2.207863  1.274792
H  -2.763673  -0.693548  1.396718

23
114-1,3-Met-2-OH
C  -0.891885  0.803565  -0.057346
C  -1.566683  -0.413502  0.008338
C  -0.849910  -1.612133  -0.081680
C  0.526390  -1.570070  -0.232658
C  1.239102  -0.367827  -0.297200
C  0.496756  0.816996  -0.206630
O  -2.914196  -0.533709  0.154497
C  -3.685136  0.648199  0.246049
O  1.077369  2.053848  -0.258665
H  -1.389394  -2.550136  -0.034818
H  1.077214  -2.503772  -0.306151
C  2.745752  -0.351462  -0.429058
H  -1.403049  1.754644  0.001616
H  2.020460  1.953573  -0.419079
H  -4.722090  0.326867  0.358051
H  -3.399050  1.252884  1.116374
H  -3.594025  1.263213  -0.658625
H  3.061129  0.385567  -1.184152
C  3.481312  -0.072675  0.895916
H  3.074346  -1.317901  -0.825431
H  4.566519  -0.063237  0.751417
H  3.187934  0.891926  1.323597
H  3.240437  -0.841282  1.636160

26
115-1,3-MeO-5-Et
C  -0.057759  1.321100  -0.031769
C  -1.189591  0.521441  -0.221399
C  -1.042171  -0.866040  -0.361796
C  0.228091  -1.440378  -0.314878
C  1.358581  -0.636975  -0.122601
C  1.218678  0.748617  0.017578
C  -2.266371  -1.745665  -0.523374
C  -2.839018  -2.224304  0.822880
O  2.563897  -1.282808  -0.098063
C  3.731309  -0.588098  0.294010
O  -0.087212  2.680133  0.110533
C  -1.343611  3.332445  0.071214
H  0.348072  -2.513427  -0.429816
H  2.072536  1.398404  0.156603
H  -2.181358  0.957252  -0.267337
H  -1.134505  4.395744  0.204918
H  -1.849590  3.182265  -0.891979
H  -2.004480  2.989789  0.878781
H  4.556763  -1.288730  0.150704
H  3.906264  0.302833  -0.323219
H  3.687416  -0.286341  1.349190
H  -3.043235  -1.195973  -1.069814
H  -2.011390  -2.618499  -1.136879
H  -3.720626  -2.857891  0.671315
H  -2.094559  -2.802990  1.380640
H  -3.133629  -1.373896  1.447946

24
116-1,3-MeO-4-Vin
C  -0.146335  -1.641345  -0.084760
H  -0.437777  -2.683793  -0.151697
C  -1.147177  -0.669904  -0.059926
C  -0.725815  0.683172  -0.015179
C  0.623736  1.012412  0.016384
C  1.595492  0.005417  0.002030
C  1.211069  -1.334102  -0.050825
C  -2.577469  -0.993065  -0.096050
O  -1.717478  1.614721  0.003310
H  0.963878  2.037739  0.056070
O  2.882751  0.443565  0.035817
H  1.942085  -2.130499  -0.078054
C  3.917061  -0.521889  0.029501
H  4.853678  0.036795  0.068623
H  3.856315  -1.186132  0.900996
H  3.898059  -1.130072  -0.883883
C  -1.364530  2.983865  0.023834
H  -2.304343  3.538448  0.020607
H  -0.796704  3.241349  0.926905
H  -0.775996  3.263763  -0.859131
C  -3.139139  -2.179309  0.153025
H  -3.224667  -0.158353  -0.346280
H  -4.212184  -2.314081  0.078153
H  -2.565886  -3.052964  0.446458

23
117-1-MeO-3-OH-4-Et
C  -0.891885  0.803565  -0.057346
C  -1.566683  -0.413502  0.008338
C  -0.849910  -1.612133  -0.081680
C  0.526390  -1.570070  -0.232658
C  1.239102  -0.367827  -0.297200
C  0.496756  0.816996  -0.206630
O  -2.914196  -0.533709  0.154497
C  -3.685136  0.648199  0.246049
O  1.077369  2.053848  -0.258665
H  -1.389394  -2.550136  -0.034818
H  1.077214  -2.503772  -0.306151
C  2.745752  -0.351462  -0.429058
H  -1.403049  1.754644  0.001616
H  2.020460  1.953573  -0.419079
H  -4.722090  0.326867  0.358051
H  -3.399050  1.252884  1.116374
H  -3.594025  1.263213  -0.658625
H  3.061129  0.385567  -1.184152
C  3.481312  -0.072675  0.895916
H  3.074346  -1.317901  -0.825431
H  4.566519  -0.063237  0.751417
H  3.187934  0.891926  1.323597
H  3.240437  -0.841282  1.636160

24
118-1-MeO-2-For-4-Et
C  0.500631  -1.602509  -0.129756
C  1.240603  -0.423565  -0.009730
C  0.572379  0.817698  -0.063918
C  -0.814625  0.840514  -0.233389
C  -1.568252  -0.323133  -0.351671
C  -0.879705  -1.539405  -0.297758
O  2.587391  -0.386139  0.153799
C  3.301365  -1.608025  0.211356
C  1.305615  2.097603  0.049328
O  0.771561  3.185965  0.005044
C  -3.072446  -0.278761  -0.498029
C  -3.805851  -0.311278  0.854104
H  -1.286028  1.817861  -0.274322
H  -1.434447  -2.468936  -0.394445
H  0.987967  -2.568026  -0.099388
H  4.349495  -1.337818  0.346988
H  2.974829  -2.226143  1.056786
H  3.193145  -2.182183  -0.717145
H  2.399777  2.006328  0.180867
H  -3.357578  0.629088  -1.041201
H  -3.405522  -1.125227  -1.110050
H  -4.890733  -0.277808  0.712347
H  -3.563697  -1.222854  1.410150
H  -3.517103  0.542277  1.475445

20
119-1,2-For-4-MeO
C  -0.967172  -1.824323  -0.000026
H  -1.597247  -2.706007  -0.000019
C  -1.577365  -0.561340  0.000011
C  -0.780272  0.585450  -0.000029
C  0.611001  0.490234  -0.000080
C  1.232612  -0.779338  -0.000083
C  0.410825  -1.917961  -0.000071
O  -2.925784  -0.557334  0.000065
H  -1.202743  1.581615  -0.000030
C  1.364507  1.787234  -0.000200
C  2.689626  -1.027840  -0.000017
H  0.876873  -2.899050  -0.000088
O  3.581139  -0.208052  0.000299
H  2.933445  -2.114425  -0.000257
O  0.797648  2.858331  0.000073
H  2.460631  1.706727  -0.000721
C  -3.602283  0.693341  0.000068
H  -4.666573  0.456318  0.000115
H  -3.358597  1.279297  0.893696
H  -3.358698  1.279230  -0.893628

19
120-1,2-For-3-Me
C  -0.585810  -2.295447  -0.067544
H  -0.696952  -3.373397  -0.121071
C  -1.714434  -1.482345  -0.039006
C  -1.609930  -0.091642  0.026702
C  -0.321873  0.489359  0.056657
C  0.825431  -0.339353  0.045628
C  0.678287  -1.725275  -0.019968
H  -2.701361  -1.933255  -0.072784
C  -2.881811  0.730811  0.031972
C  -0.207287  1.969091  0.055225
C  2.230578  0.169483  0.178262
H  1.576841  -2.330891  -0.024251
O  3.189946  -0.530284  -0.057457
H  2.348349  1.203204  0.533778
O  0.784592  2.599940  -0.238596
H  -1.132719  2.505337  0.343935
H  -2.934664  1.418161  -0.818038
H  -3.752766  0.073672  -0.022701
H  -2.981945  1.331836  0.941978

22
121-1,3-For-5-Et
C  -1.270083  -0.814352  -0.059604
C  -0.016895  -1.391960  -0.269241
C  1.145586  -0.615443  -0.354413
C  1.013623  0.764793  -0.226137
C  -0.237839  1.362525  -0.014764
C  -1.379366  0.573451  0.069474
C  2.499868  -1.259720  -0.545840
C  3.164913  -1.643592  0.787734
C  -0.344806  2.835986  0.114239
O  0.590488  3.598565  0.051119
C  -2.475989  -1.671148  0.019984
O  -3.597964  -1.260394  0.200208
H  1.881058  1.414540  -0.292013
H  -2.359754  1.011533  0.229606
H  0.052801  -2.472769  -0.373580
H  -2.274389  -2.759189  -0.101367
H  -1.380664  3.206309  0.279257
H  2.392968  -2.154743  -1.169127
H  3.153995  -0.572434  -1.092922
H  4.140699  -2.107332  0.615197
H  3.313329  -0.762045  1.419049
H  2.545687  -2.352476  1.346680

19
122-1,4-For-3-Me
C  -0.136552  -1.545074  -0.000071
H  -0.443499  -2.587210  -0.000175
C  -1.129210  -0.552912  -0.000131
C  -0.774639  0.816056  -0.000177
C  0.586366  1.122085  -0.000225
C  1.570928  0.131565  0.000003
C  1.207432  -1.218289  0.000112
C  -2.533360  -1.026286  -0.000359
C  -1.792378  1.926143  -0.000100
H  0.892331  2.165431  -0.000456
C  3.002831  0.520226  0.000021
H  1.984663  -1.973368  0.000234
O  3.923103  -0.262307  0.000238
H  3.181029  1.618605  -0.000184
O  -3.524147  -0.332321  0.000686
H  -2.621217  -2.136220  -0.001763
H  -1.292819  2.898369  -0.004922
H  -2.453697  1.862313  -0.868353
H  -2.446937  1.868020  0.873779

24
123-1-For-3-MeO-4-Et
C  0.252786  -1.890988  -0.268210
C  -1.128754  -1.800991  -0.115810
C  -1.722998  -0.548406  0.011033
C  -0.935631  0.611433  -0.014408
C  0.440776  0.509316  -0.162886
C  1.059736  -0.757003  -0.293097
C  -3.186514  -0.436817  0.170493
O  -3.794234  0.603587  0.287108
O  1.284763  1.576835  -0.199115
C  0.728412  2.876220  -0.100233
C  2.558129  -0.861865  -0.440273
C  3.308258  -0.677686  0.892012
H  0.722081  -2.864509  -0.374346
H  -1.742764  -2.696258  -0.099062
H  -1.439759  1.563725  0.084642
H  1.568176  3.569872  -0.162468
H  0.028833  3.077848  -0.920737
H  0.208501  3.020315  0.854908
H  -3.719440  -1.414462  0.177042
H  2.803325  -1.841067  -0.864987
H  2.905932  -0.104403  -1.150106
H  4.388454  -0.767104  0.740490
H  3.103673  0.307896  1.317321
H  3.003560  -1.434505  1.621642

24
124-1-For-3-MeO-5-Et
C  1.491549  -0.096059  -0.355147
C  0.889910  1.164457  -0.258683
C  -0.485055  1.277594  -0.071567
C  -1.296177  0.138658  0.023570
C  -0.707046  -1.116637  -0.073277
C  0.680484  -1.221817  -0.262425
C  -1.099751  2.619556  0.023538
O  -2.279832  2.830763  0.186758
O  -1.376854  -2.295563  -0.002742
C  -2.781243  -2.252720  0.182525
C  2.988806  -0.233043  -0.519200
C  3.733547  -0.243741  0.827237
H  1.105272  -2.217822  -0.338916
H  1.495213  2.064000  -0.334541
H  -2.359032  0.280921  0.165773
H  -3.114227  -3.291218  0.210551
H  -3.048553  -1.760368  1.125806
H  -3.281247  -1.733448  -0.644508
H  -0.375515  3.460129  -0.068309
H  3.213665  -1.155806  -1.065196
H  3.363831  0.593748  -1.133139
H  4.813093  -0.339357  0.675019
H  3.549158  0.679831  1.384998
H  3.401678  -1.079698  1.450900

19
125-1,2-For-4-Me
C  1.151552  -1.709782  0.000000
H  1.588737  -2.704168  0.000000
C  1.990889  -0.589444  0.000000
C  1.389640  0.668273  0.000000
C  0.000000  0.835503  0.000000
C  -0.831575  -0.307422  0.000000
C  -0.228517  -1.568114  0.000000
C  3.489758  -0.746189  0.000000
C  -0.473806  2.243917  0.000000
C  -2.326985  -0.264874  0.000000
H  -0.880381  -2.434337  0.000000
O  -2.998076  -1.274241  0.000000
H  -2.782764  0.735702  0.000000
O  -1.617683  2.634997  0.000000
H  0.366135  2.974554  0.000000
H  2.018051  1.555255  0.000000
H  3.994618  0.222716  0.000000
H  3.827970  -1.303488  0.880483
H  3.827970  -1.303488  -0.880483

19
126-1,2-For-5-Me
C  -1.999326  -0.095632  -0.002113
C  -3.446388  0.324537  0.003437
C  -1.631744  -1.443132  -0.002872
C  -0.291396  -1.810252  -0.001366
C  0.728020  -0.853541  0.000186
C  0.367935  0.516479  -0.000173
C  -0.981231  0.862539  -0.001544
C  2.113046  -1.383462  0.001136
C  1.358476  1.641762  -0.000128
H  -1.220242  1.921224  -0.002779
O  1.012153  2.802788  -0.001470
H  2.418812  1.351017  0.001264
O  3.144307  -0.751256  0.002338
H  2.140793  -2.496471  0.000845
H  -0.022905  -2.862816  -0.002318
H  -2.400246  -2.209810  -0.005102
H  -3.661895  1.005165  -0.826818
H  -4.115056  -0.535740  -0.078291
H  -3.695293  0.859392  0.926862

24
127-1,2-Vin-3-MeO
C  0.296931  -2.334425  0.077474
C  1.416458  -1.503692  0.081464
C  1.243336  -0.126186  -0.019592
C  -0.047924  0.449560  -0.112897
C  -1.167979  -0.411319  -0.132109
C  -0.973637  -1.799150  -0.036207
C  -2.533559  0.108104  -0.324080
C  -3.649046  -0.426433  0.177417
C  -0.127834  1.916815  -0.192493
C  -1.061454  2.709064  0.341154
O  2.278514  0.760329  -0.014959
C  3.599574  0.260818  0.045234
H  -4.623088  -0.005835  -0.046809
H  -3.633002  -1.287555  0.837862
H  -2.612613  1.002887  -0.935918
H  0.704430  2.383831  -0.711662
H  -1.008604  3.785802  0.219171
H  -1.887764  2.326682  0.928897
H  -1.835184  -2.453681  -0.093768
H  2.405448  -1.934363  0.161315
H  0.430438  -3.409067  0.145817
H  4.254199  1.133450  0.015045
H  3.781135  -0.292634  0.975436
H  3.827299  -0.391086  -0.807908

24
128-1,2-Vin-4-MeO
H  -4.723699  -1.079671  0.124955
H  -3.355050  -2.191830  0.664407
C  -3.657335  -1.242293  0.234249
H  -3.159966  0.626459  -0.529440
C  -2.774663  -0.310101  -0.134409
C  -1.309286  -0.426027  -0.070253
C  -0.483814  0.712938  0.056296
C  -1.066880  2.059960  0.197276
H  -2.035645  2.108145  0.687442
C  -0.513201  3.201653  -0.217081
H  -1.002051  4.155580  -0.053443
H  0.434917  3.228080  -0.744893
C  0.911990  0.560371  0.089183
C  1.499878  -0.696542  -0.016881
H  -1.307780  -2.561121  -0.320718
C  -0.688352  -1.681986  -0.180135
C  0.684765  -1.827263  -0.153329
O  2.838985  -0.930737  0.008660
H  1.153962  -2.800255  -0.242420
H  1.521730  1.441506  0.236642
C  3.711823  0.175778  0.131601
H  4.723649  -0.232442  0.112903
H  3.591409  0.880984  -0.700854
H  3.557081  0.711534  1.077030

22
129-1,2-Vin-3-For
C  0.148336  -2.348412  0.247748
H  0.204343  -3.423090  0.383839
C  -1.077840  -1.722643  0.100613
C  -1.151280  -0.333672  -0.065885
C  0.023672  0.448631  -0.059836
C  1.278097  -0.198596  0.063778
C  1.313637  -1.587756  0.224201
H  -2.007238  -2.280504  0.096970
C  -2.498553  0.232216  -0.346940
C  -0.010483  1.921152  -0.186977
C  2.527352  0.584486  0.080308
H  2.273884  -2.071605  0.366937
C  3.714185  0.166496  -0.363766
H  2.451908  1.587256  0.492949
H  4.593181  0.797690  -0.296859
H  3.852472  -0.809121  -0.819001
C  -0.783330  2.746751  0.520722
H  0.691615  2.349737  -0.899290
H  -0.743670  3.820621  0.373087
H  -1.467638  2.385115  1.281711
O  -3.530160  -0.383461  -0.188671
H  -2.510334  1.259684  -0.754772

22
130-1,2-Vin-4-For
C  1.236863  -1.346681  -0.132025
H  1.982639  -2.128955  -0.216344
C  1.663834  -0.021978  0.026753
C  0.717647  0.994812  0.128134
C  -0.655631  0.733206  0.071108
C  -1.082216  -0.609330  -0.079777
C  -0.115344  -1.625572  -0.185329
C  3.103885  0.301910  0.095583
C  -1.628194  1.832296  0.212880
C  -2.514148  -0.938015  -0.170507
H  -0.447014  -2.645729  -0.343972
C  -3.075986  -2.087863  0.210113
H  -3.153951  -0.163793  -0.585299
H  -4.140286  -2.257990  0.092810
H  -2.504842  -2.891318  0.663878
C  -1.448033  3.087314  -0.202944
H  -2.563659  1.580482  0.705690
H  -2.202932  3.847977  -0.038826
H  -0.552276  3.399825  -0.730381
H  1.054764  2.015378  0.285525
O  3.998638  -0.507683  0.010884
H  3.322388  1.384975  0.235912

23
131-1,2-Vin-3-Me
C  0.737020  -2.304870  0.099664
C  1.817016  -1.426893  0.107802
C  1.624844  -0.052757  -0.012153
C  0.311961  0.462020  -0.124174
C  -0.788430  -0.430150  -0.142886
C  -0.548925  -1.808022  -0.034626
C  -2.170348  0.042967  -0.339995
C  -3.270401  -0.529814  0.153806
C  0.148362  1.925811  -0.211858
C  -0.780746  2.673620  0.388342
C  2.824604  0.865940  0.012577
H  -4.256495  -0.140381  -0.073918
H  -3.230419  -1.393034  0.810538
H  -2.278405  0.937592  -0.947488
H  0.902435  2.440832  -0.804111
H  -0.795976  3.751056  0.261867
H  -1.541601  2.247927  1.032575
H  2.827209  -1.812956  0.204582
H  -1.389821  -2.489917  -0.092848
H  0.902889  -3.374186  0.179562
H  3.741091  0.298377  0.191504
H  2.950358  1.401012  -0.936832
H  2.738988  1.626574  0.795574

23
132-1,2-Vin-4-Me
H  -4.185259  -1.599846  0.082708
H  -2.689969  -2.506269  0.670626
C  -3.108562  -1.617308  0.209570
H  -2.844274  0.282406  -0.598033
C  -2.349892  -0.587442  -0.172897
C  -0.881840  -0.512543  -0.080955
C  -0.217740  0.726845  0.067639
C  -0.976660  1.982890  0.205473
H  -1.952815  1.898687  0.676395
C  -0.570089  3.191481  -0.189246
H  -1.183215  4.071223  -0.028339
H  0.377358  3.347421  -0.695252
C  1.183395  0.742848  0.126493
C  1.950845  -0.413476  0.028725
C  3.457269  -0.363252  0.090670
H  -0.602026  -2.625705  -0.339754
C  -0.103553  -1.675003  -0.183304
C  1.280071  -1.632273  -0.128147
H  1.849957  -2.553186  -0.212663
H  1.682925  1.693344  0.286122
H  3.905447  -0.692615  -0.854131
H  3.815172  0.649529  0.293264
H  3.847247  -1.021587  0.874925

21
133-1,3-Vin-2-OH
C  1.399337  1.341721  0.143910
C  0.360217  2.260398  0.072136
C  -0.945272  1.806650  -0.061136
C  -1.239421  0.437683  -0.093664
C  -0.165068  -0.476201  -0.057514
C  1.169232  -0.036667  0.057524
C  -2.644645  0.017451  -0.197255
C  -3.225841  -1.076486  0.312532
O  -0.368279  -1.816800  -0.165567
C  2.253559  -1.027641  0.090510
C  3.556631  -0.789017  -0.076189
H  0.566228  3.323392  0.126319
H  -1.766237  2.515355  -0.113817
H  2.416675  1.694750  0.271983
H  1.932172  -2.050316  0.258931
H  4.280970  -1.593615  -0.019557
H  3.954313  0.199240  -0.283047
H  -3.278989  0.715794  -0.742100
H  -4.283975  -1.260698  0.164906
H  -2.699440  -1.790232  0.938276
H  -1.287848  -1.966624  -0.422481

